-66820.721,214343.050,362.054
-66820.717,214343.050,362.047
-66820.751,214343.051,362.039
-66820.749,214343.051,362.033
-66820.714,214343.039,362.080
-66820.719,214343.039,362.074
-66820.751,214343.041,362.067
-66820.736,214343.040,362.060
-66820.766,214343.041,362.053
-66820.735,214343.039,362.047
-66820.741,214343.040,362.039
-66820.745,214343.040,362.032
-66820.710,214343.034,362.086
-66820.740,214343.035,362.080
-66820.746,214343.026,362.085
-66820.756,214343.026,362.079
-66820.737,214343.026,362.072
-66820.749,214343.026,362.065
-66820.737,214343.025,362.058
-66820.742,214343.025,362.052
-66820.735,214343.025,362.045
-66820.743,214343.025,362.038
-66820.730,214343.025,362.031
-66820.737,214343.020,362.076
-66820.754,214343.013,362.096
-66820.750,214343.013,362.089
-66820.750,214343.013,362.082
-66820.755,214343.013,362.075
-66820.743,214343.012,362.068
-66820.746,214343.012,362.062
-66820.748,214343.012,362.055
-66820.735,214343.012,362.048
-66820.731,214343.011,362.042
-66820.729,214343.011,362.035
-66820.725,214343.016,362.626
-66820.707,214343.015,362.619
-66820.708,214343.015,362.613
-66820.720,214343.015,362.607
-66820.724,214343.016,362.601
-66820.716,214343.015,362.594
-66820.720,214343.015,362.587
-66820.704,214343.014,362.580
-66820.720,214343.015,362.574
-66820.721,214343.015,362.568
-66820.711,214343.014,362.561
-66820.749,214343.008,362.108
-66820.757,214343.008,362.101
-66820.746,214343.007,362.095
-66820.750,214343.007,362.088
-66820.752,214343.007,362.081
-66820.712,214343.008,362.655
-66820.706,214343.008,362.648
-66820.722,214343.008,362.641
-66820.720,214343.008,362.634
-66820.744,214343.009,362.627
-66820.717,214343.008,362.619
-66820.720,214343.008,362.613
-66820.713,214343.007,362.606
-66820.730,214343.008,362.600
-66820.711,214343.007,362.593
-66820.728,214343.008,362.586
-66820.724,214343.007,362.579
-66820.734,214343.008,362.571
-66820.717,214343.007,362.564
-66820.721,214343.007,362.557
-66820.709,214343.006,362.551
-66820.727,214343.007,362.544
-66820.756,214343.000,362.119
-66820.753,214343.000,362.112
-66820.760,214343.000,362.106
-66820.743,214342.999,362.099
-66820.751,214343.000,362.092
-66820.752,214343.000,362.085
-66820.732,214342.999,362.079
-66820.743,214342.999,362.072
-66820.734,214342.999,362.065
-66820.726,214342.998,362.059
-66820.710,214342.997,362.052
-66820.668,214342.995,362.046
-66820.671,214342.995,362.039
-66820.668,214342.995,362.033
-66820.732,214343.004,362.659
-66820.729,214343.003,362.653
-66820.721,214343.003,362.646
-66820.722,214343.003,362.640
-66820.711,214343.002,362.634
-66820.720,214343.002,362.627
-66820.703,214343.002,362.620
-66820.697,214343.001,362.613
-66820.706,214343.002,362.607
-66820.704,214343.001,362.601
-66820.713,214343.002,362.595
-66820.699,214343.001,362.588
-66820.710,214343.001,362.581
-66820.713,214343.001,362.575
-66820.720,214343.001,362.568
-66820.706,214343.001,362.562
-66820.731,214343.002,362.556
-66820.726,214343.001,362.549
-66820.726,214343.001,362.543
-66820.731,214343.001,362.536
-66820.713,214343.000,362.530
-66820.763,214342.995,362.122
-66820.753,214342.995,362.116
-66820.771,214342.995,362.109
-66820.750,214342.994,362.102
-66820.755,214342.994,362.096
-66820.743,214342.994,362.089
-66820.741,214342.994,362.082
-66820.736,214342.993,362.076
-66820.722,214342.996,362.672
-66820.717,214342.995,362.665
-66820.727,214342.996,362.658
-66820.706,214342.995,362.651
-66820.701,214342.994,362.644
-66820.706,214342.994,362.637
-66820.695,214342.994,362.630
-66820.694,214342.994,362.623
-66820.698,214342.994,362.616
-66820.706,214342.994,362.610
-66820.689,214342.993,362.603
-66820.690,214342.993,362.596
-66820.692,214342.993,362.589
-66820.688,214342.993,362.582
-66820.693,214342.993,362.575
-66820.699,214342.993,362.568
-66820.692,214342.992,362.561
-66820.697,214342.992,362.555
-66820.708,214342.993,362.548
-66820.718,214342.993,362.541
-66820.719,214342.993,362.533
-66820.726,214342.993,362.526
-66820.720,214342.993,362.520
-66820.716,214342.992,362.513
-66820.770,214342.988,362.129
-66820.754,214342.987,362.122
-66820.750,214342.987,362.116
-66820.751,214342.987,362.109
-66820.739,214342.986,362.103
-66820.721,214342.985,362.096
-66820.703,214342.984,362.089
-66820.701,214342.984,362.083
-66820.675,214342.983,362.076
-66820.672,214342.983,362.070
-66820.659,214342.982,362.063
-66820.675,214342.983,362.057
-66820.670,214342.982,362.050
-66820.678,214342.982,362.042
-66820.661,214342.982,362.036
-66820.745,214342.991,362.680
-66820.728,214342.990,362.673
-66820.713,214342.990,362.667
-66820.707,214342.989,362.660
-66820.707,214342.989,362.653
-66820.698,214342.989,362.647
-66820.700,214342.989,362.641
-66820.694,214342.988,362.635
-66820.695,214342.988,362.628
-66820.693,214342.988,362.621
-66820.681,214342.987,362.615
-66820.700,214342.988,362.609
-66820.692,214342.988,362.603
-66820.685,214342.987,362.596
-66820.676,214342.987,362.589
-66820.674,214342.986,362.583
-66820.690,214342.987,362.576
-66820.698,214342.987,362.570
-66820.700,214342.987,362.564
-66820.690,214342.987,362.557
-66820.696,214342.987,362.551
-66820.698,214342.987,362.544
-66820.704,214342.987,362.538
-66820.705,214342.987,362.531
-66820.726,214342.988,362.525
-66820.729,214342.988,362.518
-66820.731,214342.987,362.512
-66820.705,214342.986,362.506
-66820.740,214342.981,362.137
-66820.760,214342.982,362.131
-66820.748,214342.981,362.124
-66820.739,214342.981,362.118
-66820.711,214342.979,362.111
-66820.707,214342.979,362.105
-66820.713,214342.979,362.098
-66820.690,214342.978,362.091
-66820.674,214342.978,362.085
-66820.677,214342.978,362.078
-66820.723,214342.980,362.694
-66820.730,214342.981,362.688
-66820.714,214342.980,362.680
-66820.710,214342.979,362.673
-66820.710,214342.979,362.665
-66820.690,214342.978,362.658
-66820.694,214342.978,362.652
-66820.681,214342.978,362.645
-66820.690,214342.978,362.638
-66820.680,214342.978,362.630
-66820.680,214342.977,362.623
-66820.675,214342.977,362.616
-66820.670,214342.977,362.610
-66820.663,214342.976,362.603
-66820.676,214342.977,362.597
-66820.660,214342.976,362.589
-66820.676,214342.977,362.582
-66820.668,214342.976,362.575
-66820.682,214342.977,362.568
-66820.675,214342.976,362.561
-66820.695,214342.977,362.555
-66820.690,214342.976,362.548
-66820.683,214342.976,362.541
-66820.701,214342.977,362.534
-66820.700,214342.976,362.527
-66820.707,214342.977,362.520
-66820.715,214342.977,362.513
-66820.726,214342.977,362.506
-66820.732,214342.977,362.499
-66820.709,214342.970,362.158
-66820.718,214342.970,362.150
-66820.728,214342.971,362.143
-66820.728,214342.971,362.137
-66820.687,214342.969,362.130
-66820.718,214342.970,362.123
-66820.698,214342.969,362.116
-66820.696,214342.969,362.110
-66820.676,214342.968,362.104
-66820.665,214342.967,362.097
-66820.685,214342.968,362.090
-66820.674,214342.967,362.083
-66820.676,214342.967,362.076
-66820.666,214342.967,362.070
-66820.674,214342.967,362.063
-66820.672,214342.967,362.056
-66820.668,214342.967,362.049
-66820.734,214342.977,362.695
-66820.721,214342.977,362.688
-66820.711,214342.976,362.682
-66820.704,214342.976,362.675
-66820.696,214342.976,362.669
-66820.702,214342.976,362.663
-66820.683,214342.975,362.655
-66820.684,214342.975,362.649
-66820.677,214342.974,362.643
-66820.687,214342.975,362.637
-66820.670,214342.974,362.630
-66820.675,214342.974,362.623
-66820.674,214342.974,362.617
-66820.662,214342.973,362.611
-66820.680,214342.974,362.605
-66820.658,214342.973,362.598
-66820.673,214342.973,362.591
-66820.657,214342.972,362.585
-66820.674,214342.973,362.578
-66820.669,214342.973,362.572
-66820.679,214342.973,362.566
-66820.667,214342.972,362.558
-66820.675,214342.973,362.553
-66820.680,214342.973,362.546
-66820.674,214342.972,362.540
-66820.704,214342.973,362.533
-66820.688,214342.973,362.527
-66820.703,214342.973,362.520
-66820.698,214342.973,362.514
-66820.727,214342.974,362.508
-66820.731,214342.974,362.502
-66820.745,214342.974,362.495
-66820.737,214342.968,362.173
-66820.755,214342.969,362.166
-66820.749,214342.968,362.160
-66820.733,214342.968,362.154
-66820.733,214342.968,362.147
-66820.712,214342.967,362.141
-66820.710,214342.966,362.134
-66820.706,214342.966,362.127
-66820.691,214342.965,362.121
-66820.689,214342.965,362.114
-66820.677,214342.965,362.108
-66820.675,214342.964,362.100
-66820.679,214342.965,362.094
-66820.671,214342.964,362.087
-66820.670,214342.964,362.080
-66820.725,214342.970,362.708
-66820.720,214342.969,362.701
-66820.713,214342.969,362.695
-66820.710,214342.969,362.688
-66820.702,214342.968,362.680
-66820.674,214342.967,362.673
-66820.681,214342.967,362.666
-66820.668,214342.966,362.659
-66820.674,214342.967,362.652
-66820.663,214342.966,362.645
-66820.673,214342.966,362.639
-66820.659,214342.966,362.631
-66820.668,214342.966,362.624
-66820.667,214342.966,362.617
-66820.663,214342.965,362.610
-66820.656,214342.965,362.604
-66820.665,214342.965,362.597
-66820.667,214342.965,362.590
-66820.663,214342.965,362.583
-66820.659,214342.965,362.575
-66820.655,214342.964,362.568
-66820.677,214342.965,362.562
-66820.674,214342.965,362.555
-66820.673,214342.965,362.548
-66820.682,214342.965,362.542
-66820.672,214342.964,362.535
-66820.693,214342.965,362.528
-66820.679,214342.964,362.520
-66820.690,214342.965,362.514
-66820.695,214342.965,362.507
-66820.728,214342.966,362.500
-66820.725,214342.966,362.493
-66820.739,214342.966,362.486
-66820.731,214342.961,362.192
-66820.764,214342.962,362.185
-66820.744,214342.961,362.178
-66820.728,214342.960,362.171
-66820.734,214342.960,362.165
-66820.727,214342.960,362.158
-66820.746,214342.960,362.151
-66820.707,214342.959,362.145
-66820.707,214342.959,362.138
-66820.686,214342.958,362.131
-66820.676,214342.957,362.125
-66820.682,214342.957,362.118
-66820.668,214342.957,362.111
-66820.676,214342.957,362.105
-66820.681,214342.957,362.098
-66820.671,214342.956,362.091
-66820.682,214342.957,362.084
-66820.678,214342.956,362.077
-66820.683,214342.956,362.071
-66820.727,214342.965,362.709
-66820.720,214342.965,362.703
-66820.733,214342.965,362.697
-66820.707,214342.964,362.690
-66820.697,214342.964,362.684
-66820.672,214342.962,362.677
-66820.693,214342.963,362.671
-66820.686,214342.963,362.664
-66820.677,214342.962,362.657
-66820.678,214342.962,362.651
-66820.661,214342.961,362.645
-66820.680,214342.962,362.639
-66820.650,214342.961,362.631
-66820.661,214342.961,362.625
-66820.654,214342.961,362.618
-66820.663,214342.961,362.612
-66820.650,214342.960,362.606
-66820.657,214342.960,362.599
-66820.653,214342.960,362.593
-66820.663,214342.960,362.586
-66820.658,214342.960,362.580
-66820.638,214342.959,362.573
-66820.668,214342.960,362.567
-66820.657,214342.960,362.560
-66820.665,214342.960,362.554
-66820.669,214342.960,362.548
-66820.664,214342.960,362.542
-66820.680,214342.960,362.535
-66820.683,214342.960,362.529
-66820.680,214342.960,362.522
-66820.695,214342.960,362.516
-66820.698,214342.960,362.510
-66820.716,214342.961,362.503
-66820.715,214342.961,362.497
-66820.729,214342.961,362.489
-66820.747,214342.962,362.483
-66820.754,214342.957,362.195
-66820.763,214342.957,362.187
-66820.733,214342.956,362.182
-66820.741,214342.956,362.174
-66820.729,214342.956,362.168
-66820.725,214342.955,362.162
-66820.732,214342.955,362.155
-66820.725,214342.955,362.149
-66820.734,214342.955,362.142
-66820.683,214342.953,362.135
-66820.682,214342.953,362.129
-66820.678,214342.953,362.122
-66820.674,214342.952,362.116
-66820.681,214342.953,362.109
-66820.677,214342.952,362.102
-66820.672,214342.952,362.095
-66820.675,214342.952,362.088
-66820.675,214342.952,362.082
-66820.742,214342.957,362.719
-66820.728,214342.956,362.712
-66820.705,214342.955,362.705
-66820.699,214342.955,362.697
-66820.689,214342.954,362.691
-66820.677,214342.954,362.684
-66820.679,214342.954,362.677
-66820.679,214342.954,362.669
-66820.661,214342.953,362.662
-66820.659,214342.953,362.655
-66820.660,214342.953,362.648
-66820.666,214342.953,362.641
-66820.647,214342.952,362.634
-66820.657,214342.952,362.627
-66820.650,214342.952,362.620
-66820.656,214342.952,362.614
-66820.646,214342.951,362.607
-66820.642,214342.951,362.600
-66820.644,214342.951,362.593
-66820.668,214342.952,362.586
-66820.647,214342.951,362.579
-66820.660,214342.951,362.572
-66820.650,214342.951,362.565
-66820.670,214342.951,362.558
-66820.660,214342.951,362.552
-66820.662,214342.951,362.545
-66820.672,214342.951,362.538
-66820.693,214342.952,362.530
-66820.675,214342.951,362.524
-66820.693,214342.952,362.517
-66820.687,214342.951,362.510
-66820.696,214342.951,362.504
-66820.694,214342.951,362.497
-66820.723,214342.952,362.490
-66820.729,214342.952,362.482
-66820.721,214342.952,362.475
-66820.771,214342.949,362.214
-66820.762,214342.949,362.208
-66820.769,214342.949,362.201
-66820.750,214342.948,362.195
-66820.718,214342.947,362.188
-66820.720,214342.947,362.181
-66820.728,214342.947,362.175
-66820.734,214342.947,362.167
-66820.742,214342.947,362.161
-66820.704,214342.945,362.155
-66820.694,214342.945,362.148
-66820.691,214342.945,362.141
-66820.685,214342.944,362.134
-66820.679,214342.944,362.127
-66820.690,214342.944,362.121
-66820.677,214342.944,362.114
-66820.684,214342.944,362.108
-66820.683,214342.944,362.101
-66820.700,214342.944,362.093
-66820.737,214342.950,362.718
-66820.722,214342.949,362.712
-66820.697,214342.948,362.705
-66820.698,214342.948,362.698
-66820.681,214342.948,362.692
-66820.691,214342.948,362.686
-66820.690,214342.948,362.680
-66820.670,214342.947,362.673
-66820.656,214342.946,362.666
-66820.667,214342.946,362.659
-66820.655,214342.946,362.653
-66820.656,214342.946,362.647
-66820.657,214342.946,362.641
-66820.663,214342.946,362.634
-66820.644,214342.945,362.627
-66820.652,214342.945,362.621
-66820.653,214342.945,362.614
-66820.657,214342.945,362.608
-66820.658,214342.945,362.601
-66820.661,214342.945,362.595
-66820.652,214342.945,362.589
-66820.640,214342.944,362.582
-66820.655,214342.944,362.576
-66820.648,214342.944,362.570
-66820.668,214342.945,362.562
-66820.639,214342.943,362.556
-66820.666,214342.944,362.550
-66820.656,214342.944,362.544
-66820.661,214342.944,362.538
-66820.658,214342.944,362.531
-66820.676,214342.944,362.524
-66820.674,214342.944,362.518
-66820.683,214342.944,362.512
-66820.696,214342.945,362.506
-66820.689,214342.944,362.499
-66820.695,214342.944,362.492
-66820.707,214342.945,362.485
-66820.718,214342.945,362.479
-66820.740,214342.946,362.473
-66820.760,214342.942,362.216
-66820.765,214342.942,362.210
-66820.746,214342.941,362.204
-66820.736,214342.941,362.197
-66820.725,214342.940,362.191
-66820.704,214342.939,362.184
-66820.714,214342.940,362.178
-66820.726,214342.940,362.170
-66820.686,214342.938,362.165
-66820.697,214342.939,362.158
-66820.683,214342.938,362.151
-66820.676,214342.938,362.145
-66820.681,214342.938,362.138
-66820.675,214342.937,362.131
-66820.686,214342.938,362.125
-66820.689,214342.938,362.118
-66820.707,214342.938,362.111
-66820.723,214342.942,362.724
-66820.717,214342.942,362.717
-66820.701,214342.941,362.709
-66820.686,214342.940,362.702
-66820.697,214342.940,362.696
-66820.682,214342.940,362.689
-66820.676,214342.939,362.682
-66820.661,214342.939,362.674
-66820.663,214342.939,362.667
-66820.664,214342.939,362.660
-66820.664,214342.938,362.653
-66820.658,214342.938,362.646
-66820.646,214342.937,362.640
-66820.647,214342.937,362.633
-66820.648,214342.937,362.625
-66820.652,214342.937,362.618
-66820.644,214342.937,362.611
-66820.649,214342.937,362.605
-66820.640,214342.936,362.598
-66820.646,214342.937,362.591
-66820.639,214342.936,362.584
-66820.645,214342.936,362.577
-66820.636,214342.936,362.570
-66820.656,214342.936,362.563
-66820.636,214342.936,362.556
-66820.656,214342.936,362.550
-66820.651,214342.936,362.543
-66820.657,214342.936,362.536
-66820.665,214342.936,362.529
-66820.664,214342.936,362.522
-66820.670,214342.936,362.516
-66820.675,214342.936,362.508
-66820.683,214342.936,362.501
-66820.691,214342.937,362.494
-66820.695,214342.937,362.487
-66820.717,214342.937,362.480
-66820.724,214342.937,362.474
-66820.742,214342.938,362.467
-66820.760,214342.934,362.226
-66820.746,214342.934,362.220
-66820.736,214342.933,362.213
-66820.725,214342.933,362.206
-66820.721,214342.932,362.200
-66820.709,214342.932,362.194
-66820.702,214342.931,362.187
-66820.686,214342.931,362.180
-66820.691,214342.931,362.173
-66820.684,214342.930,362.167
-66820.689,214342.931,362.160
-66820.689,214342.930,362.153
-66820.688,214342.930,362.146
-66820.683,214342.930,362.140
-66820.687,214342.930,362.133
-66820.716,214342.931,362.125
-66820.750,214342.940,362.726
-66820.735,214342.939,362.719
-66820.709,214342.938,362.712
-66820.699,214342.937,362.706
-66820.686,214342.937,362.699
-66820.677,214342.936,362.693
-66820.675,214342.936,362.687
-66820.663,214342.935,362.680
-66820.672,214342.936,362.674
-66820.652,214342.935,362.666
-66820.662,214342.935,362.660
-66820.658,214342.935,362.654
-66820.656,214342.935,362.648
-66820.652,214342.934,362.642
-66820.653,214342.934,362.634
-66820.653,214342.934,362.628
-66820.641,214342.934,362.622
-66820.649,214342.934,362.615
-66820.640,214342.933,362.609
-66820.643,214342.933,362.602
-66820.631,214342.933,362.596
-66820.634,214342.933,362.590
-66820.645,214342.933,362.583
-66820.652,214342.933,362.577
-66820.644,214342.933,362.570
-66820.643,214342.933,362.563
-66820.654,214342.933,362.557
-66820.651,214342.933,362.551
-66820.657,214342.933,362.545
-66820.656,214342.933,362.538
-66820.657,214342.933,362.532
-66820.671,214342.933,362.525
-66820.660,214342.933,362.519
-66820.672,214342.933,362.513
-66820.673,214342.933,362.507
-66820.693,214342.933,362.500
-66820.680,214342.933,362.493
-66820.699,214342.933,362.486
-66820.694,214342.933,362.480
-66820.720,214342.934,362.474
-66820.741,214342.935,362.468
-66820.759,214342.931,362.250
-66820.779,214342.932,362.244
-66820.771,214342.932,362.238
-66820.767,214342.931,362.231
-66820.764,214342.931,362.224
-66820.725,214342.930,362.218
-66820.725,214342.929,362.211
-66820.722,214342.929,362.204
-66820.717,214342.929,362.198
-66820.703,214342.928,362.192
-66820.696,214342.928,362.185
-66820.678,214342.927,362.179
-66820.689,214342.927,362.172
-66820.683,214342.927,362.166
-66820.691,214342.927,362.159
-66820.689,214342.927,362.152
-66820.678,214342.926,362.146
-66820.701,214342.927,362.139
-66820.730,214342.928,362.131
-66820.717,214342.930,362.735
-66820.722,214342.930,362.728
-66820.709,214342.929,362.721
-66820.693,214342.928,362.714
-66820.697,214342.928,362.706
-66820.685,214342.928,362.700
-66820.684,214342.928,362.692
-66820.671,214342.927,362.685
-66820.668,214342.927,362.678
-66820.651,214342.926,362.671
-66820.656,214342.926,362.664
-66820.637,214342.925,362.657
-66820.643,214342.925,362.650
-66820.644,214342.925,362.643
-66820.648,214342.925,362.636
-66820.634,214342.925,362.629
-66820.646,214342.925,362.622
-66820.631,214342.924,362.615
-66820.642,214342.925,362.609
-66820.628,214342.924,362.602
-66820.644,214342.924,362.595
-66820.641,214342.924,362.588
-66820.645,214342.924,362.581
-66820.634,214342.924,362.574
-66820.633,214342.923,362.567
-66820.633,214342.923,362.560
-66820.645,214342.924,362.554
-66820.646,214342.924,362.547
-66820.659,214342.924,362.540
-66820.653,214342.924,362.533
-66820.660,214342.924,362.526
-66820.657,214342.923,362.519
-66820.681,214342.924,362.512
-66820.663,214342.923,362.505
-66820.690,214342.924,362.498
-66820.680,214342.924,362.491
-66820.700,214342.924,362.484
-66820.705,214342.925,362.478
-66820.728,214342.925,362.470
-66820.749,214342.926,362.464
-66820.784,214342.924,362.305
-66820.787,214342.924,362.297
-66820.781,214342.924,362.284
-66820.793,214342.924,362.278
-66820.794,214342.924,362.271
-66820.780,214342.924,362.264
-66820.736,214342.922,362.258
-66820.760,214342.923,362.250
-66820.781,214342.923,362.244
-66820.779,214342.923,362.237
-66820.766,214342.922,362.231
-66820.736,214342.921,362.224
-66820.709,214342.920,362.217
-66820.705,214342.920,362.210
-66820.706,214342.920,362.204
-66820.694,214342.919,362.198
-66820.696,214342.919,362.191
-66820.695,214342.919,362.184
-66820.682,214342.918,362.177
-66820.689,214342.918,362.170
-66820.695,214342.919,362.163
-66820.688,214342.918,362.157
-66820.725,214342.919,362.149
-66820.734,214342.924,362.732
-66820.707,214342.922,362.726
-66820.700,214342.922,362.718
-66820.700,214342.922,362.712
-66820.677,214342.921,362.706
-66820.674,214342.921,362.700
-66820.674,214342.921,362.693
-66820.669,214342.920,362.686
-66820.664,214342.920,362.680
-66820.639,214342.919,362.673
-66820.658,214342.920,362.667
-66820.648,214342.919,362.660
-66820.644,214342.919,362.653
-66820.646,214342.919,362.647
-66820.644,214342.919,362.641
-66820.644,214342.918,362.635
-66820.631,214342.918,362.627
-66820.635,214342.918,362.621
-66820.641,214342.918,362.615
-66820.641,214342.918,362.609
-66820.635,214342.917,362.603
-66820.631,214342.917,362.596
-66820.629,214342.917,362.589
-66820.633,214342.917,362.583
-66820.635,214342.917,362.576
-66820.635,214342.917,362.570
-66820.637,214342.917,362.564
-66820.633,214342.917,362.557
-66820.641,214342.917,362.551
-66820.651,214342.917,362.544
-66820.653,214342.917,362.538
-66820.641,214342.916,362.531
-66820.652,214342.917,362.525
-66820.661,214342.917,362.519
-66820.657,214342.917,362.512
-66820.673,214342.917,362.506
-66820.663,214342.917,362.500
-66820.687,214342.917,362.493
-66820.692,214342.918,362.487
-66820.688,214342.917,362.479
-66820.691,214342.917,362.473
-66820.709,214342.918,362.467
-66820.746,214342.919,362.461
-66820.773,214342.917,362.309
-66820.769,214342.917,362.302
-66820.755,214342.917,362.296
-66820.743,214342.916,362.290
-66820.781,214342.917,362.283
-66820.786,214342.917,362.276
-66820.784,214342.917,362.270
-66820.755,214342.916,362.263
-66820.737,214342.915,362.257
-66820.737,214342.915,362.251
-66820.773,214342.916,362.244
-66820.765,214342.916,362.237
-66820.752,214342.915,362.231
-66820.711,214342.914,362.224
-66820.702,214342.913,362.217
-66820.692,214342.913,362.211
-66820.694,214342.913,362.205
-66820.700,214342.913,362.199
-66820.690,214342.912,362.192
-66820.685,214342.912,362.186
-66820.704,214342.912,362.178
-66820.674,214342.911,362.171
-66820.697,214342.912,362.165
-66820.754,214342.914,362.158
-66820.728,214342.916,362.737
-66820.708,214342.915,362.729
-66820.699,214342.914,362.722
-66820.686,214342.914,362.715
-66820.683,214342.913,362.708
-66820.671,214342.913,362.701
-66820.676,214342.913,362.694
-66820.660,214342.912,362.687
-66820.651,214342.912,362.680
-66820.657,214342.912,362.673
-66820.649,214342.911,362.666
-66820.650,214342.911,362.659
-66820.634,214342.911,362.652
-66820.642,214342.911,362.644
-66820.635,214342.910,362.638
-66820.641,214342.910,362.631
-66820.629,214342.910,362.624
-66820.644,214342.910,362.617
-66820.629,214342.910,362.610
-66820.638,214342.910,362.604
-66820.617,214342.909,362.597
-66820.654,214342.910,362.590
-66820.623,214342.909,362.582
-66820.633,214342.909,362.575
-66820.627,214342.909,362.568
-66820.638,214342.909,362.562
-66820.633,214342.909,362.555
-66820.642,214342.909,362.548
-66820.646,214342.909,362.541
-66820.634,214342.908,362.534
-66820.660,214342.909,362.528
-66820.657,214342.909,362.520
-66820.663,214342.909,362.514
-66820.673,214342.909,362.507
-66820.665,214342.909,362.500
-66820.685,214342.910,362.493
-66820.677,214342.909,362.486
-66820.689,214342.910,362.479
-66820.701,214342.910,362.472
-66820.723,214342.911,362.465
-66820.749,214342.911,362.458
-66820.761,214342.910,362.341
-66820.749,214342.909,362.334
-66820.745,214342.909,362.327
-66820.748,214342.909,362.320
-66820.778,214342.910,362.313
-66820.731,214342.908,362.306
-66820.745,214342.908,362.300
-66820.741,214342.908,362.293
-66820.755,214342.909,362.286
-66820.793,214342.910,362.279
-66820.785,214342.909,362.272
-66820.724,214342.907,362.265
-66820.718,214342.907,362.259
-66820.719,214342.907,362.252
-66820.732,214342.907,362.246
-66820.743,214342.907,362.238
-66820.715,214342.906,362.232
-66820.704,214342.906,362.225
-66820.715,214342.906,362.218
-66820.689,214342.905,362.211
-66820.689,214342.905,362.205
-66820.691,214342.905,362.199
-66820.699,214342.905,362.192
-66820.698,214342.905,362.185
-66820.733,214342.906,362.177
-66820.813,214342.909,362.170
-66820.832,214342.909,362.163
-66820.853,214342.910,362.156
-66820.849,214342.910,362.150
-66820.863,214342.910,362.142
-66820.863,214342.910,362.135
-66820.868,214342.910,362.128
-66820.874,214342.910,362.121
-66820.869,214342.910,362.115
-66820.869,214342.910,362.108
-66820.869,214342.909,362.101
-66820.882,214342.910,362.094
-66820.869,214342.909,362.087
-66820.881,214342.910,362.080
-66820.881,214342.909,362.073
-66820.732,214342.911,362.739
-66820.730,214342.911,362.733
-66820.706,214342.910,362.727
-66820.694,214342.910,362.720
-66820.696,214342.910,362.713
-66820.673,214342.909,362.707
-66820.666,214342.908,362.700
-66820.676,214342.908,362.694
-66820.669,214342.908,362.687
-66820.662,214342.908,362.681
-66820.645,214342.907,362.675
-66820.649,214342.907,362.668
-66820.652,214342.907,362.661
-66820.648,214342.907,362.654
-66820.642,214342.906,362.648
-66820.659,214342.907,362.642
-66820.642,214342.906,362.636
-66820.633,214342.906,362.629
-66820.649,214342.906,362.622
-66820.631,214342.905,362.616
-66820.640,214342.906,362.610
-66820.628,214342.905,362.604
-66820.622,214342.905,362.598
-66820.637,214342.905,362.590
-66820.641,214342.905,362.584
-66820.627,214342.905,362.577
-66820.629,214342.904,362.571
-66820.633,214342.905,362.565
-66820.640,214342.905,362.559
-66820.633,214342.904,362.552
-66820.646,214342.905,362.545
-66820.644,214342.904,362.539
-66820.649,214342.905,362.533
-66820.650,214342.904,362.526
-66820.657,214342.905,362.520
-66820.658,214342.905,362.513
-66820.658,214342.904,362.507
-66820.675,214342.905,362.501
-66820.665,214342.904,362.494
-66820.693,214342.905,362.488
-66820.671,214342.904,362.481
-66820.695,214342.905,362.474
-66820.698,214342.905,362.468
-66820.730,214342.906,362.462
-66820.744,214342.907,362.455
-66820.740,214342.905,362.376
-66820.745,214342.905,362.370
-66820.737,214342.905,362.363
-66820.753,214342.905,362.356
-66820.759,214342.905,362.350
-66820.766,214342.906,362.343
-66820.748,214342.905,362.337
-66820.762,214342.905,362.330
-66820.745,214342.904,362.324
-66820.766,214342.905,362.317
-66820.736,214342.904,362.311
-66820.744,214342.904,362.303
-66820.738,214342.904,362.297
-66820.741,214342.904,362.291
-66820.743,214342.904,362.285
-66820.769,214342.904,362.277
-66820.754,214342.904,362.271
-66820.721,214342.902,362.264
-66820.711,214342.902,362.258
-66820.713,214342.902,362.252
-66820.734,214342.903,362.246
-66820.733,214342.902,362.239
-66820.718,214342.902,362.232
-66820.718,214342.902,362.225
-66820.717,214342.901,362.218
-66820.708,214342.901,362.212
-66820.690,214342.900,362.206
-66820.701,214342.900,362.200
-66820.704,214342.900,362.193
-66820.721,214342.901,362.186
-66820.815,214342.904,362.178
-66820.821,214342.904,362.171
-66820.838,214342.905,362.164
-66820.858,214342.906,362.158
-66820.854,214342.905,362.151
-66820.858,214342.905,362.144
-66820.858,214342.905,362.137
-66820.866,214342.905,362.131
-66820.858,214342.905,362.124
-66820.866,214342.905,362.116
-66820.871,214342.905,362.110
-66820.866,214342.905,362.104
-66820.885,214342.906,362.096
-66820.880,214342.905,362.089
-66820.891,214342.905,362.083
-66820.883,214342.905,362.076
-66820.736,214342.900,362.743
-66820.717,214342.900,362.736
-66820.705,214342.899,362.730
-66820.699,214342.899,362.722
-66820.703,214342.899,362.714
-66820.669,214342.897,362.707
-66820.682,214342.898,362.701
-66820.645,214342.896,362.694
-66820.659,214342.897,362.687
-66820.649,214342.896,362.679
-66820.649,214342.896,362.672
-66820.651,214342.896,362.665
-66820.641,214342.895,362.658
-66820.650,214342.896,362.651
-66820.634,214342.895,362.645
-66820.638,214342.895,362.638
-66820.646,214342.895,362.631
-66820.632,214342.894,362.623
-66820.625,214342.894,362.616
-66820.630,214342.894,362.610
-66820.633,214342.894,362.603
-66820.638,214342.894,362.596
-66820.622,214342.893,362.589
-66820.634,214342.894,362.582
-66820.626,214342.893,362.575
-66820.633,214342.893,362.568
-66820.634,214342.893,362.561
-66820.634,214342.893,362.554
-66820.626,214342.893,362.548
-66820.636,214342.893,362.541
-66820.633,214342.893,362.534
-66820.646,214342.893,362.527
-66820.641,214342.893,362.521
-66820.658,214342.893,362.514
-66820.645,214342.893,362.506
-66820.677,214342.894,362.499
-66820.666,214342.893,362.492
-66820.698,214342.894,362.485
-66820.676,214342.893,362.479
-66820.697,214342.894,362.472
-66820.700,214342.894,362.465
-66820.727,214342.895,362.458
-66820.758,214342.896,362.451
-66820.751,214342.895,362.388
-66820.749,214342.894,362.382
-66820.730,214342.894,362.375
-66820.759,214342.895,362.368
-66820.730,214342.893,362.361
-66820.727,214342.893,362.354
-66820.732,214342.893,362.347
-66820.733,214342.893,362.341
-66820.752,214342.894,362.334
-66820.735,214342.893,362.327
-66820.733,214342.893,362.321
-66820.738,214342.893,362.313
-66820.718,214342.892,362.306
-66820.731,214342.892,362.299
-66820.729,214342.892,362.293
-66820.758,214342.893,362.286
-66820.752,214342.893,362.279
-66820.738,214342.892,362.272
-66820.708,214342.891,362.266
-66820.713,214342.891,362.258
-66820.709,214342.891,362.252
-66820.703,214342.890,362.246
-66820.709,214342.890,362.239
-66820.697,214342.890,362.232
-66820.729,214342.891,362.225
-66820.704,214342.890,362.219
-66820.726,214342.891,362.211
-66820.763,214342.892,362.205
-66820.787,214342.893,362.197
-66820.796,214342.893,362.191
-66820.839,214342.894,362.183
-66820.841,214342.894,362.176
-66820.847,214342.894,362.169
-66820.850,214342.894,362.162
-66820.852,214342.894,362.156
-66820.850,214342.894,362.149
-66820.851,214342.894,362.142
-66820.851,214342.894,362.135
-66820.867,214342.894,362.128
-66820.854,214342.894,362.121
-66820.868,214342.894,362.114
-66820.887,214342.895,362.107
-66820.874,214342.894,362.101
-66820.873,214342.894,362.094
-66820.888,214342.894,362.087
-66820.875,214342.894,362.080
-66820.901,214342.894,362.073
-66820.891,214342.894,362.066
-66820.894,214342.894,362.060
-66820.895,214342.894,362.053
-66820.905,214342.894,362.045
-66820.897,214342.894,362.039
-66820.897,214342.894,362.032
-66820.744,214342.900,362.741
-66820.724,214342.899,362.734
-66820.694,214342.897,362.728
-66820.694,214342.897,362.721
-66820.685,214342.897,362.715
-66820.689,214342.897,362.708
-66820.665,214342.896,362.702
-66820.677,214342.896,362.696
-66820.657,214342.895,362.689
-66820.658,214342.895,362.682
-66820.652,214342.895,362.676
-66820.651,214342.895,362.669
-66820.629,214342.894,362.662
-66820.636,214342.894,362.656
-66820.639,214342.894,362.650
-66820.627,214342.894,362.644
-66820.638,214342.894,362.637
-66820.628,214342.893,362.630
-66820.625,214342.893,362.623
-66820.629,214342.893,362.617
-66820.628,214342.893,362.611
-66820.622,214342.893,362.605
-66820.624,214342.893,362.599
-66820.626,214342.893,362.592
-66820.626,214342.892,362.585
-66820.642,214342.893,362.579
-66820.626,214342.892,362.572
-66820.642,214342.893,362.566
-66820.632,214342.892,362.560
-66820.642,214342.892,362.553
-66820.629,214342.892,362.547
-66820.638,214342.892,362.540
-66820.641,214342.892,362.534
-66820.654,214342.892,362.528
-66820.642,214342.892,362.521
-66820.662,214342.893,362.515
-66820.646,214342.892,362.508
-66820.666,214342.892,362.502
-66820.677,214342.893,362.495
-66820.675,214342.893,362.489
-66820.688,214342.893,362.482
-66820.686,214342.893,362.475
-66820.690,214342.893,362.469
-66820.704,214342.893,362.463
-66820.723,214342.894,362.457
-66820.758,214342.895,362.450
-66820.745,214342.893,362.384
-66820.735,214342.893,362.378
-66820.745,214342.893,362.371
-66820.740,214342.893,362.364
-66820.737,214342.892,362.358
-66820.727,214342.892,362.351
-66820.752,214342.893,362.344
-66820.729,214342.892,362.338
-66820.743,214342.892,362.332
-66820.736,214342.892,362.325
-66820.738,214342.892,362.319
-66820.731,214342.891,362.312
-66820.726,214342.891,362.305
-66820.723,214342.891,362.298
-66820.712,214342.890,362.292
-66820.757,214342.892,362.286
-66820.742,214342.891,362.279
-66820.729,214342.891,362.273
-66820.707,214342.890,362.266
-66820.722,214342.890,362.259
-66820.699,214342.889,362.253
-66820.706,214342.889,362.247
-66820.695,214342.889,362.240
-66820.712,214342.889,362.234
-66820.705,214342.889,362.227
-66820.709,214342.889,362.220
-66820.748,214342.890,362.213
-66820.756,214342.890,362.206
-66820.781,214342.891,362.200
-66820.782,214342.891,362.193
-66820.807,214342.892,362.186
-66820.828,214342.893,362.179
-66820.840,214342.893,362.172
-66820.852,214342.893,362.165
-66820.846,214342.893,362.159
-66820.851,214342.893,362.153
-66820.857,214342.893,362.145
-66820.850,214342.893,362.138
-66820.854,214342.893,362.132
-66820.877,214342.893,362.125
-66820.851,214342.892,362.119
-66820.873,214342.893,362.111
-66820.872,214342.893,362.105
-66820.873,214342.893,362.098
-66820.884,214342.893,362.091
-66820.883,214342.893,362.084
-66820.887,214342.893,362.077
-66820.739,214342.891,362.742
-66820.725,214342.890,362.736
-66820.695,214342.889,362.729
-66820.700,214342.889,362.722
-66820.676,214342.888,362.714
-66820.678,214342.888,362.707
-66820.661,214342.887,362.700
-66820.661,214342.887,362.694
-66820.646,214342.886,362.687
-66820.661,214342.887,362.680
-66820.645,214342.886,362.672
-66820.644,214342.886,362.665
-66820.618,214342.885,362.658
-66820.639,214342.885,362.651
-66820.631,214342.885,362.644
-66820.630,214342.885,362.638
-66820.638,214342.885,362.631
-66820.630,214342.884,362.624
-66820.638,214342.885,362.617
-66820.626,214342.884,362.609
-66820.634,214342.884,362.603
-66820.619,214342.884,362.596
-66820.626,214342.884,362.589
-66820.626,214342.884,362.582
-66820.634,214342.884,362.575
-66820.630,214342.883,362.568
-66820.634,214342.883,362.561
-66820.629,214342.883,362.554
-66820.628,214342.883,362.547
-66820.641,214342.883,362.540
-66820.640,214342.883,362.533
-66820.650,214342.883,362.527
-66820.659,214342.884,362.520
-66820.664,214342.884,362.514
-66820.647,214342.883,362.507
-66820.668,214342.884,362.500
-66820.670,214342.884,362.492
-66820.673,214342.883,362.485
-66820.681,214342.884,362.478
-66820.682,214342.884,362.472
-66820.713,214342.885,362.465
-66820.718,214342.885,362.458
-66820.754,214342.886,362.451
-66820.767,214342.886,362.443
-66820.764,214342.886,362.437
-66820.775,214342.886,362.430
-66820.775,214342.886,362.424
-66820.767,214342.886,362.417
-66820.773,214342.886,362.410
-66820.753,214342.885,362.388
-66820.753,214342.885,362.381
-66820.745,214342.884,362.375
-66820.763,214342.885,362.368
-66820.747,214342.884,362.361
-66820.751,214342.884,362.354
-66820.722,214342.883,362.347
-66820.734,214342.883,362.340
-66820.717,214342.882,362.334
-66820.729,214342.883,362.327
-66820.724,214342.882,362.320
-66820.720,214342.882,362.313
-66820.715,214342.882,362.306
-66820.701,214342.881,362.300
-66820.716,214342.882,362.292
-66820.725,214342.882,362.286
-66820.712,214342.881,362.279
-66820.704,214342.881,362.272
-66820.700,214342.881,362.266
-66820.704,214342.881,362.259
-66820.696,214342.880,362.253
-66820.696,214342.880,362.245
-66820.703,214342.880,362.239
-66820.701,214342.880,362.232
-66820.704,214342.880,362.225
-66820.738,214342.881,362.217
-66820.752,214342.881,362.211
-66820.752,214342.881,362.204
-66820.747,214342.881,362.198
-66820.787,214342.882,362.190
-66820.813,214342.883,362.183
-66820.829,214342.884,362.176
-66820.851,214342.884,362.169
-66820.844,214342.884,362.163
-66820.853,214342.884,362.155
-66820.852,214342.884,362.149
-66820.862,214342.884,362.142
-66820.853,214342.884,362.135
-66820.857,214342.884,362.128
-66820.867,214342.884,362.121
-66820.870,214342.884,362.114
-66820.869,214342.884,362.108
-66820.872,214342.884,362.101
-66820.877,214342.884,362.093
-66820.893,214342.884,362.087
-66820.889,214342.884,362.080
-66820.885,214342.884,362.074
-66820.896,214342.884,362.066
-66820.887,214342.884,362.060
-66820.893,214342.884,362.053
-66820.900,214342.884,362.046
-66820.896,214342.884,362.038
-66820.902,214342.884,362.032
-66820.755,214342.884,362.748
-66820.729,214342.883,362.742
-66820.712,214342.883,362.735
-66820.694,214342.882,362.729
-66820.678,214342.881,362.722
-66820.694,214342.882,362.715
-66820.665,214342.881,362.708
-66820.677,214342.881,362.702
-66820.653,214342.880,362.696
-66820.662,214342.880,362.689
-66820.642,214342.879,362.683
-66820.640,214342.879,362.676
-66820.638,214342.879,362.670
-66820.640,214342.879,362.663
-66820.644,214342.879,362.657
-66820.634,214342.878,362.650
-66820.644,214342.879,362.644
-66820.634,214342.878,362.638
-66820.626,214342.878,362.631
-66820.614,214342.877,362.624
-66820.622,214342.877,362.618
-66820.614,214342.877,362.611
-66820.618,214342.877,362.605
-66820.621,214342.877,362.599
-66820.638,214342.877,362.593
-66820.622,214342.877,362.586
-66820.630,214342.877,362.579
-66820.634,214342.877,362.573
-66820.622,214342.876,362.567
-66820.630,214342.877,362.560
-66820.630,214342.876,362.554
-66820.634,214342.877,362.547
-66820.627,214342.876,362.541
-66820.647,214342.877,362.534
-66820.633,214342.876,362.528
-66820.652,214342.877,362.522
-66820.650,214342.877,362.516
-66820.660,214342.877,362.509
-66820.649,214342.876,362.502
-66820.674,214342.877,362.496
-66820.672,214342.877,362.490
-66820.689,214342.877,362.483
-66820.673,214342.877,362.477
-66820.695,214342.877,362.470
-66820.701,214342.877,362.464
-66820.720,214342.878,362.457
-66820.757,214342.879,362.451
-66820.762,214342.879,362.444
-66820.782,214342.880,362.437
-66820.766,214342.879,362.431
-66820.765,214342.879,362.425
-66820.759,214342.879,362.418
-66820.771,214342.879,362.411
-66820.763,214342.879,362.404
-66820.764,214342.879,362.398
-66820.767,214342.879,362.391
-66820.757,214342.878,362.385
-66820.751,214342.878,362.379
-66820.761,214342.878,362.371
-66820.772,214342.878,362.365
-66820.761,214342.878,362.358
-66820.733,214342.877,362.352
-66820.732,214342.876,362.345
-66820.745,214342.877,362.339
-66820.727,214342.876,362.332
-66820.720,214342.876,362.326
-66820.730,214342.876,362.319
-66820.713,214342.875,362.313
-66820.704,214342.875,362.306
-66820.703,214342.875,362.300
-66820.698,214342.874,362.293
-66820.700,214342.874,362.286
-66820.701,214342.874,362.280
-66820.688,214342.874,362.273
-66820.710,214342.874,362.267
-66820.691,214342.873,362.260
-66820.700,214342.874,362.254
-66820.691,214342.873,362.247
-66820.693,214342.873,362.241
-66820.707,214342.874,362.234
-66820.686,214342.873,362.228
-66820.691,214342.873,362.221
-66820.730,214342.874,362.213
-66820.735,214342.874,362.207
-66820.754,214342.875,362.200
-66820.757,214342.875,362.194
-66820.786,214342.876,362.187
-66820.815,214342.876,362.179
-66820.829,214342.877,362.173
-66820.835,214342.877,362.166
-66820.835,214342.877,362.159
-66820.857,214342.877,362.153
-66820.847,214342.877,362.147
-66820.861,214342.877,362.139
-66820.861,214342.877,362.132
-66820.861,214342.877,362.125
-66820.875,214342.878,362.119
-66820.877,214342.877,362.112
-66820.873,214342.877,362.105
-66820.874,214342.877,362.099
-66820.879,214342.877,362.092
-66820.883,214342.877,362.084
-66820.894,214342.877,362.078
-66820.753,214342.878,362.752
-66820.735,214342.877,362.744
-66820.711,214342.876,362.738
-66820.683,214342.875,362.731
-66820.689,214342.875,362.724
-66820.688,214342.875,362.716
-66820.673,214342.874,362.709
-66820.667,214342.874,362.702
-66820.641,214342.873,362.696
-66820.659,214342.873,362.689
-66820.642,214342.873,362.681
-66820.654,214342.873,362.674
-66820.634,214342.872,362.667
-66820.644,214342.872,362.660
-66820.624,214342.871,362.653
-66820.634,214342.872,362.646
-66820.629,214342.871,362.640
-66820.633,214342.871,362.633
-66820.626,214342.871,362.626
-66820.634,214342.871,362.618
-66820.618,214342.870,362.611
-66820.622,214342.870,362.605
-66820.614,214342.870,362.598
-66820.626,214342.870,362.591
-66820.638,214342.871,362.584
-66820.626,214342.870,362.577
-66820.611,214342.869,362.570
-66820.631,214342.870,362.563
-66820.660,214342.871,362.556
-66820.639,214342.870,362.549
-66820.652,214342.870,362.542
-66820.636,214342.870,362.535
-66820.627,214342.869,362.529
-66820.636,214342.869,362.522
-66820.639,214342.869,362.516
-66820.667,214342.870,362.509
-66820.655,214342.870,362.502
-66820.659,214342.870,362.494
-66820.677,214342.870,362.487
-66820.673,214342.870,362.480
-66820.700,214342.871,362.474
-66820.698,214342.871,362.467
-66820.708,214342.871,362.460
-66820.732,214342.872,362.453
-66820.768,214342.873,362.445
-66820.774,214342.873,362.439
-66820.772,214342.873,362.432
-66820.767,214342.872,362.426
-66820.763,214342.872,362.419
-66820.774,214342.872,362.412
-66820.767,214342.872,362.404
-66820.755,214342.872,362.397
-66820.751,214342.871,362.390
-66820.747,214342.871,362.384
-66820.758,214342.871,362.377
-66820.767,214342.871,362.370
-66820.765,214342.871,362.363
-66820.751,214342.871,362.356
-66820.736,214342.870,362.349
-66820.717,214342.869,362.342
-66820.733,214342.870,362.336
-66820.720,214342.869,362.329
-66820.731,214342.869,362.322
-66820.721,214342.869,362.316
-66820.710,214342.868,362.309
-66820.711,214342.868,362.302
-66820.704,214342.868,362.294
-66820.699,214342.868,362.288
-66820.697,214342.867,362.282
-66820.706,214342.868,362.275
-66820.693,214342.867,362.268
-66820.708,214342.867,362.261
-66820.686,214342.866,362.255
-66820.696,214342.867,362.248
-66820.705,214342.867,362.241
-66820.685,214342.866,362.234
-66820.696,214342.866,362.228
-66820.707,214342.867,362.221
-66820.744,214342.868,362.213
-66820.742,214342.868,362.207
-66820.757,214342.868,362.200
-66820.768,214342.868,362.193
-66820.790,214342.869,362.186
-66820.820,214342.870,362.178
-66820.833,214342.870,362.172
-66820.848,214342.871,362.165
-66820.847,214342.870,362.158
-66820.879,214342.870,362.076
-66820.898,214342.871,362.069
-66820.905,214342.871,362.062
-66820.908,214342.871,362.055
-66820.906,214342.871,362.048
-66820.918,214342.871,362.041
-66820.915,214342.871,362.034
-66820.746,214342.872,362.750
-66820.730,214342.871,362.744
-66820.719,214342.871,362.737
-66820.707,214342.870,362.731
-66820.688,214342.869,362.724
-66820.688,214342.869,362.717
-66820.678,214342.869,362.710
-66820.670,214342.868,362.704
-66820.670,214342.868,362.698
-66820.667,214342.868,362.691
-66820.660,214342.868,362.685
-66820.647,214342.867,362.678
-66820.646,214342.867,362.672
-66820.641,214342.867,362.665
-66820.629,214342.866,362.658
-66820.635,214342.866,362.652
-66820.634,214342.866,362.646
-66820.630,214342.866,362.640
-66820.619,214342.865,362.633
-66820.618,214342.865,362.626
-66820.626,214342.865,362.619
-66820.631,214342.865,362.613
-66820.627,214342.865,362.607
-66820.623,214342.865,362.601
-66820.623,214342.865,362.595
-66820.631,214342.865,362.588
-66820.619,214342.864,362.581
-66820.638,214342.865,362.575
-66820.627,214342.864,362.568
-66820.631,214342.864,362.562
-66820.639,214342.865,362.556
-66820.631,214342.864,362.549
-66820.652,214342.865,362.543
-66820.629,214342.864,362.536
-66820.637,214342.864,362.530
-66820.639,214342.864,362.524
-66820.643,214342.864,362.518
-66820.638,214342.864,362.511
-66820.660,214342.864,362.504
-66820.654,214342.864,362.498
-66820.675,214342.865,362.491
-66820.660,214342.864,362.485
-66820.691,214342.865,362.478
-66820.687,214342.865,362.471
-66820.703,214342.865,362.465
-66820.701,214342.865,362.459
-66820.747,214342.867,362.452
-66820.756,214342.867,362.446
-66820.772,214342.867,362.438
-66820.765,214342.867,362.432
-66820.772,214342.867,362.426
-66820.761,214342.867,362.420
-66820.770,214342.867,362.413
-66820.761,214342.866,362.406
-66820.748,214342.866,362.399
-66820.755,214342.866,362.393
-66820.750,214342.866,362.386
-66820.764,214342.866,362.380
-66820.760,214342.866,362.373
-66820.768,214342.866,362.367
-66820.795,214342.867,362.360
-66820.747,214342.865,362.353
-66820.712,214342.863,362.347
-66820.737,214342.864,362.341
-66820.712,214342.863,362.334
-66820.719,214342.863,362.327
-66820.722,214342.863,362.321
-66820.708,214342.863,362.314
-66820.716,214342.863,362.308
-66820.707,214342.862,362.301
-66820.701,214342.862,362.295
-66820.705,214342.862,362.288
-66820.697,214342.862,362.282
-66820.685,214342.861,362.275
-66820.700,214342.862,362.268
-66820.705,214342.862,362.262
-66820.698,214342.861,362.256
-66820.700,214342.861,362.249
-66820.699,214342.861,362.242
-66820.685,214342.861,362.236
-66820.688,214342.860,362.229
-66820.703,214342.861,362.223
-66820.740,214342.862,362.215
-66820.746,214342.862,362.209
-66820.747,214342.862,362.203
-66820.777,214342.863,362.195
-66820.782,214342.863,362.189
-66820.810,214342.864,362.181
-66820.818,214342.864,362.175
-66820.836,214342.865,362.168
-66820.844,214342.865,362.161
-66820.828,214342.864,362.155
-66820.764,214342.865,362.757
-66820.772,214342.865,362.750
-66820.732,214342.864,362.743
-66820.722,214342.863,362.736
-66820.696,214342.862,362.729
-66820.696,214342.862,362.722
-66820.679,214342.861,362.715
-66820.674,214342.861,362.708
-66820.670,214342.861,362.700
-66820.656,214342.860,362.693
-66820.660,214342.860,362.687
-66820.645,214342.859,362.680
-66820.639,214342.859,362.672
-66820.630,214342.859,362.665
-66820.639,214342.859,362.658
-66820.649,214342.859,362.652
-66820.634,214342.858,362.644
-66820.637,214342.858,362.637
-66820.635,214342.858,362.630
-66820.623,214342.858,362.623
-66820.619,214342.857,362.616
-66820.611,214342.857,362.610
-66820.627,214342.857,362.603
-66820.627,214342.857,362.596
-66820.627,214342.857,362.589
-66820.619,214342.857,362.582
-66820.627,214342.857,362.575
-66820.623,214342.857,362.568
-66820.627,214342.857,362.561
-66820.631,214342.857,362.555
-66820.643,214342.857,362.548
-66820.648,214342.857,362.541
-66820.635,214342.856,362.534
-66820.636,214342.856,362.527
-66820.660,214342.857,362.520
-66820.644,214342.856,362.513
-66820.661,214342.857,362.507
-66820.660,214342.857,362.500
-66820.671,214342.857,362.493
-66820.670,214342.857,362.486
-66820.684,214342.857,362.479
-66820.695,214342.857,362.472
-66820.700,214342.857,362.465
-66820.732,214342.858,362.458
-66820.745,214342.859,362.451
-66820.786,214342.860,362.444
-66820.773,214342.859,362.437
-66820.780,214342.860,362.430
-66820.766,214342.859,362.423
-66820.775,214342.859,362.417
-66820.764,214342.859,362.410
-66820.762,214342.858,362.403
-66820.763,214342.858,362.396
-66820.750,214342.858,362.389
-66820.759,214342.858,362.382
-66820.762,214342.858,362.375
-66820.773,214342.858,362.368
-66820.790,214342.859,362.361
-66820.738,214342.857,362.354
-66820.721,214342.856,362.348
-66820.729,214342.856,362.341
-66820.727,214342.856,362.335
-66820.735,214342.856,362.327
-66820.734,214342.856,362.320
-66820.715,214342.855,362.313
-66820.698,214342.854,362.306
-66820.714,214342.855,362.300
-66820.691,214342.854,362.293
-66820.701,214342.854,362.287
-66820.695,214342.854,362.280
-66820.706,214342.854,362.272
-66820.710,214342.854,362.266
-66820.695,214342.854,362.259
-66820.695,214342.853,362.253
-66820.690,214342.853,362.246
-66820.703,214342.853,362.240
-66820.695,214342.853,362.233
-66820.704,214342.853,362.225
-66820.724,214342.854,362.218
-66820.752,214342.855,362.212
-66820.768,214342.855,362.204
-66820.745,214342.854,362.198
-66820.772,214342.855,362.191
-66820.780,214342.855,362.184
-66820.800,214342.856,362.177
-66820.833,214342.857,362.170
-66820.825,214342.856,362.163
-66820.816,214342.856,362.157
-66820.753,214342.859,362.752
-66820.740,214342.858,362.746
-66820.738,214342.858,362.739
-66820.701,214342.857,362.733
-66820.701,214342.857,362.727
-66820.675,214342.856,362.719
-66820.676,214342.855,362.713
-66820.675,214342.855,362.706
-66820.666,214342.855,362.700
-66820.666,214342.855,362.693
-66820.650,214342.854,362.687
-66820.647,214342.854,362.680
-66820.635,214342.853,362.674
-66820.642,214342.853,362.667
-66820.644,214342.853,362.660
-66820.635,214342.853,362.654
-66820.656,214342.854,362.648
-66820.635,214342.853,362.642
-66820.643,214342.853,362.635
-66820.626,214342.852,362.628
-66820.631,214342.852,362.621
-66820.635,214342.852,362.615
-66820.627,214342.852,362.609
-66820.623,214342.852,362.603
-66820.627,214342.852,362.597
-66820.619,214342.851,362.590
-66820.623,214342.851,362.583
-66820.615,214342.851,362.577
-66820.635,214342.851,362.570
-66820.639,214342.851,362.564
-66820.616,214342.851,362.558
-66820.624,214342.851,362.551
-66820.627,214342.851,362.545
-66820.660,214342.852,362.538
-66820.639,214342.851,362.532
-66820.641,214342.851,362.526
-66820.642,214342.851,362.520
-66820.654,214342.851,362.512
-66820.667,214342.851,362.506
-66820.654,214342.851,362.500
-66820.674,214342.851,362.493
-66820.674,214342.851,362.487
-66820.678,214342.851,362.480
-66820.693,214342.852,362.473
-66820.697,214342.852,362.467
-66820.709,214342.852,362.461
-66820.726,214342.853,362.454
-66820.775,214342.854,362.447
-66820.791,214342.855,362.440
-66820.783,214342.854,362.434
-66820.779,214342.854,362.428
-66820.776,214342.854,362.422
-66820.764,214342.853,362.415
-66820.776,214342.853,362.408
-66820.758,214342.853,362.395
-66820.763,214342.853,362.388
-66820.762,214342.853,362.382
-66820.775,214342.853,362.375
-66820.768,214342.852,362.368
-66820.788,214342.853,362.362
-66820.774,214342.852,362.355
-66820.727,214342.851,362.349
-66820.722,214342.850,362.343
-66820.738,214342.851,362.335
-66820.731,214342.850,362.329
-66820.727,214342.850,362.323
-66820.723,214342.850,362.316
-66820.714,214342.850,362.309
-66820.695,214342.849,362.303
-66820.705,214342.849,362.297
-66820.699,214342.849,362.290
-66820.726,214342.849,362.270
-66820.715,214342.849,362.264
-66820.697,214342.848,362.257
-66820.698,214342.848,362.250
-66820.706,214342.848,362.244
-66820.717,214342.848,362.238
-66820.700,214342.848,362.231
-66820.682,214342.847,362.224
-66820.711,214342.848,362.217
-66820.680,214342.847,362.211
-66820.712,214342.848,362.204
-66820.704,214342.847,362.198
-66820.759,214342.849,362.191
-66820.762,214342.849,362.184
-66820.792,214342.850,362.176
-66820.800,214342.850,362.170
-66820.823,214342.851,362.163
-66820.803,214342.850,362.157
-66820.736,214342.850,362.748
-66820.714,214342.850,362.741
-66820.710,214342.849,362.735
-66820.714,214342.849,362.728
-66820.701,214342.849,362.720
-66820.677,214342.848,362.713
-66820.679,214342.848,362.706
-66820.659,214342.847,362.699
-66820.667,214342.847,362.693
-66820.639,214342.846,362.685
-66820.662,214342.847,362.678
-66820.635,214342.845,362.671
-66820.631,214342.845,362.663
-66820.648,214342.846,362.657
-66820.637,214342.845,362.650
-66820.627,214342.845,362.643
-66820.627,214342.845,362.637
-66820.627,214342.844,362.629
-66820.631,214342.844,362.622
-66820.627,214342.844,362.615
-66820.635,214342.844,362.608
-66820.631,214342.844,362.602
-66820.623,214342.844,362.595
-66820.635,214342.844,362.588
-66820.635,214342.844,362.581
-66820.631,214342.844,362.574
-66820.627,214342.843,362.567
-66820.640,214342.844,362.560
-66820.636,214342.843,362.553
-66820.636,214342.843,362.546
-66820.642,214342.843,362.539
-66820.649,214342.843,362.532
-66820.637,214342.843,362.526
-66820.652,214342.843,362.519
-66820.657,214342.843,362.513
-66820.662,214342.843,362.505
-66820.662,214342.843,362.498
-66820.672,214342.844,362.491
-66820.679,214342.844,362.484
-66820.697,214342.844,362.477
-66820.707,214342.844,362.471
-66820.692,214342.844,362.464
-66820.730,214342.845,362.457
-66820.732,214342.845,362.449
-66820.760,214342.845,362.387
-66820.760,214342.845,362.381
-66820.771,214342.845,362.374
-66820.760,214342.844,362.367
-66820.793,214342.845,362.359
-66820.746,214342.844,362.353
-66820.740,214342.843,362.346
-66820.730,214342.843,362.340
-66820.735,214342.843,362.333
-66820.737,214342.843,362.326
-66820.729,214342.842,362.319
-66820.710,214342.842,362.313
-66820.707,214342.841,362.306
-66820.707,214342.841,362.298
-66820.700,214342.841,362.292
-66820.731,214342.842,362.272
-66820.723,214342.841,362.265
-66820.709,214342.841,362.258
-66820.711,214342.841,362.251
-66820.746,214342.842,362.245
-66820.720,214342.841,362.238
-66820.713,214342.840,362.231
-66820.703,214342.840,362.225
-66820.707,214342.840,362.218
-66820.681,214342.839,362.211
-66820.678,214342.839,362.205
-66820.693,214342.839,362.198
-66820.684,214342.839,362.191
-66820.697,214342.839,362.184
-66820.725,214342.840,362.176
-66820.757,214342.841,362.170
-66820.767,214342.841,362.163
-66820.713,214342.839,362.157
-66820.700,214342.838,362.150
-66820.738,214342.845,362.747
-66820.728,214342.844,362.740
-66820.721,214342.844,362.734
-66820.699,214342.843,362.727
-66820.690,214342.843,362.720
-66820.693,214342.843,362.713
-66820.670,214342.842,362.707
-66820.672,214342.842,362.701
-66820.667,214342.841,362.695
-66820.642,214342.840,362.688
-66820.651,214342.841,362.681
-66820.654,214342.841,362.675
-66820.662,214342.841,362.669
-66820.656,214342.840,362.662
-66820.637,214342.840,362.655
-66820.641,214342.840,362.649
-66820.635,214342.839,362.643
-66820.639,214342.839,362.637
-66820.635,214342.839,362.630
-66820.635,214342.839,362.623
-66820.639,214342.839,362.616
-66820.639,214342.839,362.610
-66820.632,214342.839,362.604
-66820.628,214342.838,362.598
-66820.616,214342.838,362.591
-66820.609,214342.837,362.584
-66820.624,214342.838,362.578
-66820.632,214342.838,362.571
-66820.620,214342.837,362.565
-66820.629,214342.838,362.559
-66820.644,214342.838,362.553
-66820.632,214342.838,362.546
-66820.642,214342.838,362.539
-66820.643,214342.838,362.533
-66820.628,214342.837,362.527
-66820.639,214342.837,362.521
-66820.643,214342.837,362.514
-66820.660,214342.838,362.507
-66820.655,214342.838,362.501
-66820.676,214342.838,362.495
-66820.665,214342.838,362.488
-66820.698,214342.839,362.482
-66820.696,214342.839,362.475
-66820.699,214342.838,362.468
-66820.717,214342.839,362.462
-66820.735,214342.840,362.456
-66820.748,214342.840,362.449
-66820.762,214342.839,362.390
-66820.786,214342.840,362.383
-66820.769,214342.839,362.376
-66820.775,214342.839,362.370
-66820.772,214342.839,362.363
-66820.756,214342.838,362.357
-66820.746,214342.838,362.350
-66820.733,214342.837,362.344
-66820.738,214342.838,362.337
-66820.725,214342.837,362.331
-66820.738,214342.837,362.324
-66820.734,214342.837,362.318
-66820.738,214342.837,362.311
-66820.695,214342.835,362.305
-66820.709,214342.836,362.298
-66820.710,214342.836,362.291
-66820.764,214342.837,362.285
-66820.710,214342.835,362.265
-66820.718,214342.835,362.258
-66820.697,214342.835,362.252
-66820.737,214342.836,362.246
-66820.732,214342.835,362.239
-66820.713,214342.835,362.233
-66820.704,214342.834,362.226
-66820.687,214342.834,362.220
-66820.682,214342.833,362.213
-66820.691,214342.834,362.206
-66820.679,214342.833,362.200
-66820.681,214342.833,362.194
-66820.686,214342.833,362.187
-66820.676,214342.833,362.180
-66820.679,214342.832,362.174
-66820.692,214342.833,362.166
-66820.705,214342.833,362.160
-66820.680,214342.832,362.154
-66820.669,214342.832,362.147
-66820.684,214342.832,362.140
-66820.730,214342.837,362.743
-66820.723,214342.836,362.736
-66820.698,214342.835,362.729
-66820.696,214342.835,362.722
-66820.675,214342.834,362.714
-66820.682,214342.834,362.707
-66820.669,214342.834,362.700
-66820.667,214342.834,362.694
-66820.663,214342.833,362.687
-66820.639,214342.832,362.679
-66820.655,214342.833,362.672
-66820.656,214342.833,362.665
-66820.653,214342.833,362.658
-66820.632,214342.832,362.651
-66820.634,214342.832,362.645
-66820.634,214342.832,362.638
-66820.628,214342.831,362.631
-66820.626,214342.831,362.623
-66820.620,214342.831,362.616
-66820.636,214342.831,362.609
-66820.632,214342.831,362.603
-66820.620,214342.830,362.596
-66820.632,214342.831,362.589
-66820.620,214342.830,362.582
-66820.636,214342.830,362.575
-66820.632,214342.830,362.568
-66820.636,214342.830,362.561
-66820.631,214342.830,362.554
-66820.636,214342.830,362.548
-66820.636,214342.830,362.541
-66820.646,214342.830,362.534
-66820.654,214342.830,362.527
-66820.660,214342.830,362.520
-66820.664,214342.830,362.514
-66820.660,214342.830,362.507
-66820.673,214342.830,362.499
-66820.666,214342.830,362.492
-66820.694,214342.831,362.485
-66820.682,214342.830,362.478
-66820.701,214342.831,362.472
-66820.717,214342.831,362.465
-66820.738,214342.832,362.459
-66820.756,214342.832,362.451
-66820.785,214342.832,362.388
-66820.784,214342.832,362.382
-66820.777,214342.832,362.375
-66820.773,214342.831,362.369
-66820.784,214342.832,362.361
-66820.767,214342.831,362.354
-66820.756,214342.830,362.347
-66820.747,214342.830,362.341
-66820.736,214342.830,362.334
-66820.740,214342.830,362.327
-66820.743,214342.830,362.320
-66820.751,214342.830,362.313
-66820.738,214342.829,362.306
-66820.728,214342.829,362.299
-66820.737,214342.829,362.293
-66820.729,214342.828,362.266
-66820.726,214342.828,362.258
-66820.717,214342.827,362.252
-66820.731,214342.828,362.246
-66820.730,214342.828,362.239
-66820.719,214342.827,362.232
-66820.706,214342.827,362.225
-66820.691,214342.826,362.219
-66820.693,214342.826,362.212
-66820.679,214342.825,362.206
-66820.682,214342.825,362.199
-66820.680,214342.825,362.192
-66820.669,214342.825,362.185
-66820.667,214342.824,362.178
-66820.657,214342.824,362.172
-66820.676,214342.824,362.165
-66820.674,214342.824,362.159
-66820.668,214342.824,362.152
-66820.679,214342.824,362.144
-66820.676,214342.824,362.138
-66820.681,214342.824,362.131
-66820.672,214342.824,362.124
-66820.684,214342.824,362.118
-66820.762,214342.826,362.103
-66820.733,214342.831,362.739
-66820.722,214342.831,362.733
-66820.697,214342.830,362.726
-66820.702,214342.830,362.720
-66820.682,214342.829,362.713
-66820.680,214342.829,362.706
-66820.679,214342.829,362.700
-66820.675,214342.828,362.694
-66820.664,214342.828,362.688
-66820.668,214342.828,362.681
-66820.661,214342.828,362.674
-66820.641,214342.827,362.667
-66820.636,214342.826,362.661
-66820.649,214342.827,362.655
-66820.640,214342.826,362.648
-66820.632,214342.826,362.641
-66820.632,214342.826,362.635
-66820.628,214342.826,362.629
-66820.622,214342.825,362.622
-66820.642,214342.826,362.616
-66820.621,214342.825,362.609
-66820.644,214342.826,362.603
-66820.632,214342.825,362.597
-66820.632,214342.825,362.590
-66820.644,214342.825,362.584
-66820.640,214342.825,362.577
-66820.638,214342.825,362.570
-66820.624,214342.824,362.564
-66820.637,214342.825,362.558
-66820.658,214342.825,362.552
-66820.644,214342.825,362.545
-66820.645,214342.825,362.539
-66820.640,214342.824,362.531
-66820.648,214342.824,362.525
-66820.643,214342.824,362.519
-66820.649,214342.824,362.513
-66820.652,214342.824,362.507
-66820.680,214342.825,362.500
-66820.652,214342.824,362.493
-66820.686,214342.825,362.487
-66820.681,214342.825,362.480
-66820.701,214342.825,362.474
-66820.704,214342.825,362.468
-66820.723,214342.826,362.461
-66820.749,214342.827,362.454
-66820.782,214342.826,362.382
-66820.763,214342.826,362.376
-66820.790,214342.826,362.369
-66820.775,214342.826,362.362
-66820.780,214342.826,362.355
-66820.751,214342.825,362.349
-66820.760,214342.825,362.342
-66820.733,214342.824,362.336
-66820.752,214342.824,362.330
-66820.777,214342.825,362.322
-66820.773,214342.825,362.316
-66820.730,214342.823,362.309
-66820.728,214342.823,362.303
-66820.743,214342.824,362.296
-66820.789,214342.825,362.289
-66820.805,214342.825,362.283
-66820.779,214342.824,362.277
-66820.784,214342.824,362.270
-66820.729,214342.822,362.263
-66820.734,214342.823,362.257
-66820.716,214342.822,362.251
-66820.758,214342.823,362.244
-66820.734,214342.822,362.237
-66820.732,214342.822,362.231
-66820.715,214342.821,362.224
-66820.716,214342.821,362.218
-66820.698,214342.820,362.211
-66820.689,214342.820,362.205
-66820.678,214342.820,362.199
-66820.674,214342.819,362.192
-66820.672,214342.819,362.185
-66820.667,214342.819,362.178
-66820.662,214342.819,362.172
-66820.685,214342.819,362.165
-66820.679,214342.819,362.159
-66820.666,214342.818,362.153
-66820.677,214342.819,362.145
-66820.668,214342.818,362.138
-66820.671,214342.818,362.132
-66820.664,214342.818,362.125
-66820.669,214342.818,362.118
-66820.695,214342.819,362.111
-66820.738,214342.820,362.105
-66820.775,214342.821,362.097
-66820.828,214342.823,362.089
-66820.853,214342.823,362.082
-66820.755,214342.824,362.743
-66820.721,214342.823,362.736
-66820.697,214342.822,362.729
-66820.700,214342.822,362.722
-66820.695,214342.822,362.715
-66820.669,214342.821,362.707
-66820.669,214342.821,362.700
-66820.664,214342.820,362.693
-66820.664,214342.820,362.687
-66820.654,214342.820,362.679
-66820.651,214342.819,362.672
-66820.652,214342.819,362.665
-66820.637,214342.819,362.657
-66820.643,214342.819,362.651
-66820.634,214342.818,362.644
-66820.649,214342.819,362.637
-66820.633,214342.818,362.630
-66820.627,214342.818,362.623
-66820.636,214342.818,362.616
-66820.630,214342.818,362.610
-66820.628,214342.817,362.602
-66820.628,214342.817,362.596
-66820.636,214342.817,362.589
-66820.640,214342.817,362.582
-66820.630,214342.817,362.575
-66820.632,214342.817,362.568
-66820.642,214342.817,362.561
-66820.635,214342.817,362.555
-66820.644,214342.817,362.548
-66820.631,214342.816,362.540
-66820.638,214342.816,362.533
-66820.647,214342.817,362.526
-66820.661,214342.817,362.520
-66820.661,214342.817,362.513
-66820.665,214342.817,362.506
-66820.673,214342.817,362.499
-66820.695,214342.818,362.492
-66820.684,214342.817,362.485
-66820.701,214342.818,362.478
-66820.698,214342.817,362.471
-66820.737,214342.819,362.465
-66820.740,214342.819,362.458
-66820.760,214342.817,362.313
-66820.760,214342.816,362.306
-66820.756,214342.816,362.298
-66820.756,214342.816,362.292
-66820.771,214342.817,362.286
-66820.786,214342.817,362.279
-66820.765,214342.816,362.272
-66820.734,214342.815,362.265
-66820.751,214342.815,362.258
-66820.724,214342.814,362.252
-66820.773,214342.816,362.245
-66820.746,214342.815,362.238
-66820.738,214342.814,362.232
-66820.729,214342.814,362.225
-66820.720,214342.814,362.218
-66820.705,214342.813,362.211
-66820.704,214342.813,362.205
-66820.696,214342.812,362.199
-66820.687,214342.812,362.192
-66820.683,214342.812,362.185
-66820.675,214342.811,362.178
-66820.669,214342.811,362.171
-66820.687,214342.811,362.165
-66820.663,214342.811,362.158
-66820.662,214342.810,362.152
-66820.658,214342.810,362.145
-66820.655,214342.810,362.138
-66820.666,214342.810,362.131
-66820.668,214342.810,362.123
-66820.672,214342.810,362.117
-66820.715,214342.811,362.110
-66820.716,214342.811,362.103
-66820.737,214342.812,362.096
-66820.787,214342.813,362.088
-66820.829,214342.815,362.081
-66820.850,214342.815,362.074
-66820.857,214342.815,362.067
-66820.869,214342.816,362.061
-66820.881,214342.816,362.053
-66820.884,214342.816,362.046
-66820.885,214342.816,362.039
-66820.889,214342.816,362.032
-66820.739,214342.818,362.742
-66820.734,214342.818,362.735
-66820.723,214342.817,362.729
-66820.699,214342.816,362.722
-66820.692,214342.816,362.716
-66820.685,214342.816,362.708
-66820.677,214342.815,362.702
-66820.684,214342.815,362.696
-66820.660,214342.814,362.690
-66820.678,214342.815,362.683
-66820.652,214342.814,362.676
-66820.661,214342.814,362.670
-66820.654,214342.814,362.663
-66820.646,214342.813,362.657
-66820.648,214342.813,362.650
-66820.632,214342.813,362.644
-66820.645,214342.813,362.637
-66820.629,214342.812,362.631
-66820.646,214342.813,362.624
-66820.635,214342.812,362.618
-66820.640,214342.812,362.611
-66820.633,214342.812,362.605
-66820.638,214342.812,362.599
-66820.632,214342.812,362.592
-66820.625,214342.811,362.586
-66820.643,214342.812,362.580
-66820.645,214342.812,362.572
-66820.650,214342.812,362.566
-66820.650,214342.812,362.560
-66820.649,214342.812,362.554
-66820.641,214342.811,362.548
-66820.656,214342.812,362.541
-66820.651,214342.811,362.534
-66820.657,214342.811,362.527
-66820.656,214342.811,362.521
-66820.660,214342.811,362.515
-66820.669,214342.812,362.509
-66820.677,214342.812,362.502
-66820.675,214342.811,362.495
-66820.680,214342.812,362.489
-66820.695,214342.812,362.482
-66820.697,214342.812,362.476
-66820.707,214342.812,362.470
-66820.724,214342.813,362.463
-66820.757,214342.814,362.456
-66820.781,214342.812,362.311
-66820.778,214342.812,362.305
-66820.760,214342.811,362.298
-66820.753,214342.810,362.291
-66820.785,214342.811,362.285
-66820.773,214342.811,362.279
-66820.788,214342.811,362.272
-66820.747,214342.810,362.265
-66820.744,214342.810,362.259
-66820.721,214342.809,362.253
-66820.755,214342.810,362.246
-66820.762,214342.810,362.239
-66820.758,214342.810,362.233
-66820.741,214342.809,362.226
-66820.715,214342.808,362.220
-66820.717,214342.808,362.213
-66820.704,214342.807,362.207
-66820.708,214342.807,362.200
-66820.706,214342.807,362.193
-66820.698,214342.807,362.187
-66820.695,214342.806,362.180
-66820.686,214342.806,362.173
-66820.699,214342.806,362.167
-66820.672,214342.805,362.161
-66820.673,214342.805,362.155
-66820.672,214342.805,362.147
-66820.668,214342.805,362.140
-66820.669,214342.805,362.133
-66820.647,214342.804,362.127
-66820.665,214342.804,362.120
-66820.639,214342.803,362.114
-66820.674,214342.804,362.107
-66820.695,214342.805,362.100
-66820.728,214342.806,362.092
-66820.760,214342.807,362.085
-66820.777,214342.807,362.078
-66820.742,214342.810,362.735
-66820.717,214342.809,362.727
-66820.705,214342.809,362.720
-66820.688,214342.808,362.713
-66820.695,214342.808,362.706
-66820.666,214342.807,362.699
-66820.685,214342.808,362.693
-66820.669,214342.807,362.685
-66820.665,214342.807,362.678
-66820.660,214342.806,362.671
-66820.660,214342.806,362.664
-66820.652,214342.806,362.657
-66820.653,214342.806,362.650
-66820.646,214342.805,362.643
-66820.637,214342.805,362.636
-66820.644,214342.805,362.629
-66820.634,214342.805,362.622
-66820.650,214342.805,362.615
-66820.635,214342.804,362.609
-66820.633,214342.804,362.602
-66820.630,214342.804,362.595
-66820.643,214342.804,362.588
-66820.638,214342.804,362.581
-66820.633,214342.804,362.573
-66820.646,214342.804,362.566
-66820.637,214342.804,362.560
-66820.650,214342.804,362.553
-66820.645,214342.804,362.547
-66820.654,214342.804,362.540
-66820.640,214342.803,362.533
-66820.661,214342.804,362.526
-66820.669,214342.804,362.519
-66820.669,214342.804,362.512
-66820.672,214342.804,362.505
-66820.665,214342.803,362.498
-66820.690,214342.804,362.491
-66820.696,214342.804,362.484
-66820.724,214342.805,362.477
-66820.705,214342.804,362.471
-66820.749,214342.806,362.463
-66820.786,214342.804,362.311
-66820.775,214342.804,362.305
-66820.776,214342.804,362.298
-66820.790,214342.804,362.291
-66820.787,214342.804,362.284
-66820.786,214342.803,362.277
-66820.771,214342.803,362.271
-66820.753,214342.802,362.264
-66820.751,214342.802,362.257
-66820.743,214342.802,362.251
-66820.771,214342.802,362.244
-66820.765,214342.802,362.237
-66820.758,214342.802,362.230
-66820.738,214342.801,362.223
-66820.720,214342.800,362.217
-66820.720,214342.800,362.210
-66820.707,214342.800,362.204
-66820.709,214342.799,362.197
-66820.711,214342.799,362.191
-66820.702,214342.799,362.184
-66820.687,214342.798,362.177
-66820.731,214342.800,362.169
-66820.751,214342.800,362.163
-66820.794,214342.802,362.156
-66820.706,214342.799,362.150
-66820.676,214342.797,362.143
-66820.656,214342.797,362.136
-66820.661,214342.797,362.130
-66820.659,214342.796,362.123
-66820.656,214342.796,362.117
-66820.649,214342.796,362.110
-66820.653,214342.796,362.104
-66820.651,214342.796,362.096
-66820.655,214342.796,362.089
-66820.683,214342.797,362.082
-66820.724,214342.798,362.075
-66820.736,214342.798,362.068
-66820.752,214342.798,362.061
-66820.793,214342.800,362.053
-66820.831,214342.801,362.046
-66820.863,214342.802,362.039
-66820.755,214342.804,362.738
-66820.734,214342.803,362.731
-66820.724,214342.803,362.724
-66820.703,214342.802,362.718
-66820.700,214342.802,362.711
-66820.673,214342.801,362.704
-66820.686,214342.801,362.698
-66820.684,214342.801,362.692
-66820.664,214342.800,362.685
-66820.676,214342.800,362.678
-66820.655,214342.800,362.672
-66820.666,214342.800,362.665
-66820.657,214342.799,362.659
-66820.650,214342.799,362.652
-66820.648,214342.799,362.646
-66820.628,214342.798,362.639
-66820.656,214342.799,362.633
-66820.637,214342.798,362.627
-66820.642,214342.798,362.620
-66820.631,214342.798,362.613
-66820.654,214342.798,362.607
-66820.637,214342.798,362.601
-66820.645,214342.798,362.595
-66820.640,214342.798,362.588
-66820.650,214342.798,362.582
-66820.638,214342.797,362.574
-66820.650,214342.798,362.568
-66820.643,214342.797,362.562
-66820.654,214342.797,362.556
-66820.645,214342.797,362.550
-66820.654,214342.797,362.543
-66820.657,214342.797,362.536
-66820.662,214342.797,362.529
-66820.669,214342.797,362.523
-66820.669,214342.797,362.517
-66820.679,214342.797,362.511
-66820.672,214342.797,362.504
-66820.680,214342.797,362.497
-66820.683,214342.797,362.491
-66820.700,214342.798,362.484
-66820.694,214342.797,362.478
-66820.745,214342.799,362.472
-66820.735,214342.798,362.465
-66820.782,214342.797,362.307
-66820.789,214342.797,362.299
-66820.793,214342.797,362.293
-66820.788,214342.797,362.274
-66820.789,214342.797,362.267
-66820.796,214342.797,362.260
-66820.755,214342.795,362.254
-66820.768,214342.796,362.248
-66820.771,214342.796,362.242
-66820.771,214342.795,362.235
-66820.759,214342.795,362.228
-66820.730,214342.794,362.222
-66820.745,214342.794,362.214
-66820.729,214342.794,362.208
-66820.725,214342.793,362.202
-66820.713,214342.793,362.195
-66820.715,214342.793,362.189
-66820.680,214342.792,362.182
-66820.708,214342.792,362.176
-66820.727,214342.793,362.168
-66820.743,214342.793,362.162
-66820.816,214342.796,362.155
-66820.826,214342.796,362.147
-66820.813,214342.795,362.140
-66820.713,214342.792,362.136
-66820.669,214342.790,362.129
-66820.655,214342.790,362.122
-66820.654,214342.789,362.116
-66820.658,214342.790,362.110
-66820.653,214342.789,362.103
-66820.646,214342.789,362.096
-66820.641,214342.789,362.090
-66820.653,214342.789,362.082
-66820.740,214342.796,362.732
-66820.716,214342.795,362.725
-66820.730,214342.795,362.718
-66820.702,214342.794,362.711
-66820.686,214342.793,362.703
-66820.683,214342.793,362.697
-66820.657,214342.792,362.690
-66820.692,214342.793,362.683
-66820.672,214342.792,362.676
-66820.672,214342.792,362.669
-66820.661,214342.792,362.662
-66820.665,214342.792,362.654
-66820.654,214342.791,362.647
-66820.659,214342.791,362.641
-66820.641,214342.791,362.634
-66820.653,214342.791,362.627
-66820.646,214342.791,362.620
-66820.641,214342.790,362.613
-66820.636,214342.790,362.606
-66820.642,214342.790,362.599
-66820.644,214342.790,362.592
-66820.647,214342.790,362.585
-66820.647,214342.790,362.578
-66820.642,214342.790,362.571
-66820.646,214342.790,362.564
-66820.641,214342.789,362.558
-66820.662,214342.790,362.551
-66820.644,214342.789,362.544
-66820.666,214342.790,362.536
-66820.652,214342.789,362.530
-66820.665,214342.789,362.523
-66820.685,214342.790,362.516
-66820.674,214342.789,362.510
-66820.692,214342.790,362.503
-66820.686,214342.790,362.496
-66820.703,214342.790,362.489
-66820.705,214342.790,362.481
-66820.733,214342.791,362.474
-66820.753,214342.791,362.468
-66820.776,214342.788,362.254
-66820.778,214342.788,362.248
-66820.778,214342.788,362.241
-66820.778,214342.788,362.235
-66820.773,214342.788,362.228
-66820.750,214342.787,362.221
-66820.747,214342.787,362.214
-66820.728,214342.786,362.208
-66820.739,214342.786,362.201
-66820.734,214342.786,362.194
-66820.708,214342.785,362.187
-66820.714,214342.785,362.180
-66820.745,214342.786,362.174
-66820.735,214342.785,362.167
-66820.766,214342.786,362.160
-66820.741,214342.785,362.153
-66820.734,214342.785,362.147
-66820.704,214342.783,362.120
-66820.665,214342.782,362.113
-66820.672,214342.782,362.107
-66820.655,214342.781,362.100
-66820.640,214342.781,362.093
-66820.639,214342.781,362.087
-66820.635,214342.780,362.080
-66820.651,214342.781,362.074
-66820.648,214342.781,362.067
-66820.628,214342.780,362.061
-66820.639,214342.780,362.053
-66820.654,214342.780,362.046
-66820.683,214342.781,362.038
-66820.769,214342.791,362.729
-66820.719,214342.789,362.722
-66820.707,214342.789,362.715
-66820.719,214342.789,362.708
-66820.694,214342.788,362.702
-66820.698,214342.788,362.696
-66820.688,214342.788,362.689
-66820.682,214342.787,362.683
-66820.673,214342.787,362.676
-66820.673,214342.787,362.670
-66820.663,214342.786,362.663
-66820.662,214342.786,362.656
-66820.662,214342.786,362.650
-66820.652,214342.786,362.644
-66820.649,214342.785,362.638
-66820.664,214342.786,362.631
-66820.656,214342.785,362.624
-66820.642,214342.785,362.617
-66820.643,214342.785,362.611
-66820.650,214342.785,362.605
-66820.656,214342.785,362.599
-66820.657,214342.785,362.592
-66820.642,214342.784,362.585
-66820.657,214342.785,362.579
-66820.655,214342.784,362.573
-66820.657,214342.784,362.566
-66820.673,214342.785,362.560
-66820.657,214342.784,362.553
-66820.662,214342.784,362.547
-66820.662,214342.784,362.541
-66820.666,214342.784,362.534
-66820.660,214342.784,362.528
-66820.674,214342.784,362.521
-66820.673,214342.784,362.515
-66820.685,214342.784,362.509
-66820.681,214342.784,362.502
-66820.702,214342.785,362.496
-66820.701,214342.784,362.489
-66820.721,214342.785,362.482
-66820.722,214342.785,362.476
-66820.754,214342.786,362.469
-66820.769,214342.782,362.239
-66820.743,214342.781,362.219
-66820.739,214342.781,362.213
-66820.732,214342.780,362.206
-66820.734,214342.780,362.200
-66820.736,214342.780,362.193
-66820.727,214342.780,362.186
-66820.712,214342.779,362.179
-66820.750,214342.780,362.173
-66820.735,214342.780,362.167
-66820.745,214342.780,362.159
-66820.748,214342.780,362.153
-66820.732,214342.779,362.146
-66820.730,214342.779,362.140
-66820.694,214342.777,362.107
-66820.652,214342.776,362.100
-66820.654,214342.776,362.094
-66820.654,214342.776,362.087
-66820.640,214342.775,362.081
-66820.742,214342.783,362.723
-66820.729,214342.783,362.716
-66820.704,214342.782,362.708
-66820.705,214342.782,362.701
-66820.692,214342.781,362.695
-66820.680,214342.781,362.688
-66820.680,214342.781,362.680
-66820.677,214342.780,362.673
-66820.667,214342.780,362.666
-66820.667,214342.780,362.659
-66820.659,214342.779,362.652
-66820.660,214342.779,362.645
-66820.653,214342.779,362.639
-66820.652,214342.779,362.632
-66820.661,214342.779,362.624
-66820.646,214342.778,362.617
-66820.665,214342.779,362.610
-66820.649,214342.778,362.604
-66820.662,214342.778,362.597
-66820.649,214342.778,362.590
-66820.662,214342.778,362.583
-66820.657,214342.778,362.576
-66820.662,214342.778,362.569
-66820.650,214342.777,362.562
-66820.664,214342.778,362.555
-66820.655,214342.777,362.548
-66820.667,214342.778,362.541
-66820.670,214342.778,362.534
-66820.676,214342.778,362.528
-66820.684,214342.778,362.521
-66820.684,214342.778,362.515
-66820.701,214342.778,362.507
-66820.702,214342.778,362.500
-66820.722,214342.778,362.493
-66820.718,214342.778,362.486
-66820.744,214342.779,362.479
-66820.761,214342.775,362.218
-66820.747,214342.774,362.212
-66820.742,214342.774,362.205
-66820.738,214342.774,362.199
-66820.736,214342.774,362.193
-66820.739,214342.774,362.185
-66820.721,214342.773,362.178
-66820.743,214342.773,362.171
-66820.738,214342.773,362.165
-66820.745,214342.773,362.159
-66820.738,214342.773,362.152
-66820.730,214342.772,362.145
-66820.732,214342.772,362.137
-66820.731,214342.772,362.131
-66820.729,214342.772,362.124
-66820.739,214342.772,362.117
-66820.681,214342.770,362.091
-66820.655,214342.769,362.084
-66820.650,214342.769,362.078
-66820.633,214342.768,362.072
-66820.633,214342.768,362.065
-66820.632,214342.768,362.058
-66820.633,214342.768,362.051
-66820.642,214342.768,362.045
-66820.624,214342.767,362.038
-66820.749,214342.779,362.721
-66820.739,214342.779,362.714
-66820.708,214342.777,362.707
-66820.706,214342.777,362.701
-66820.707,214342.777,362.695
-66820.700,214342.777,362.689
-66820.679,214342.776,362.681
-66820.679,214342.776,362.675
-66820.681,214342.776,362.668
-66820.670,214342.775,362.662
-66820.662,214342.775,362.656
-66820.661,214342.775,362.649
-66820.670,214342.775,362.643
-66820.655,214342.774,362.636
-66820.666,214342.775,362.630
-66820.653,214342.774,362.623
-66820.662,214342.774,362.617
-66820.665,214342.774,362.610
-66820.654,214342.774,362.604
-66820.663,214342.774,362.598
-66820.656,214342.774,362.591
-66820.655,214342.774,362.585
-66820.650,214342.773,362.578
-66820.664,214342.774,362.571
-66820.650,214342.773,362.565
-66820.662,214342.773,362.559
-66820.666,214342.773,362.553
-66820.662,214342.773,362.546
-66820.684,214342.774,362.539
-66820.678,214342.773,362.533
-66820.677,214342.773,362.527
-66820.685,214342.773,362.521
-66820.688,214342.773,362.515
-66820.706,214342.774,362.507
-66820.700,214342.773,362.501
-66820.722,214342.774,362.494
-66820.721,214342.774,362.488
-66820.740,214342.774,362.481
-66820.744,214342.774,362.475
-66820.731,214342.769,362.212
-66820.735,214342.769,362.205
-66820.765,214342.770,362.198
-66820.737,214342.769,362.193
-66820.739,214342.769,362.185
-66820.720,214342.768,362.179
-66820.747,214342.769,362.172
-66820.723,214342.768,362.166
-66820.737,214342.769,362.160
-66820.724,214342.768,362.153
-66820.737,214342.768,362.145
-66820.730,214342.768,362.139
-66820.735,214342.768,362.132
-66820.728,214342.768,362.125
-66820.719,214342.767,362.119
-66820.725,214342.767,362.113
-66820.739,214342.767,362.710
-66820.722,214342.767,362.702
-66820.705,214342.766,362.696
-66820.712,214342.766,362.689
-66820.684,214342.765,362.682
-66820.693,214342.765,362.675
-66820.682,214342.765,362.667
-66820.689,214342.765,362.660
-66820.654,214342.764,362.653
-66820.678,214342.764,362.646
-66820.650,214342.763,362.640
-66820.665,214342.764,362.633
-66820.663,214342.763,362.626
-66820.672,214342.764,362.619
-66820.659,214342.763,362.611
-66820.663,214342.763,362.605
-66820.649,214342.762,362.598
-66820.680,214342.763,362.591
-66820.666,214342.763,362.584
-66820.672,214342.763,362.577
-66820.662,214342.762,362.570
-66820.676,214342.763,362.564
-66820.681,214342.763,362.556
-66820.680,214342.763,362.550
-66820.678,214342.762,362.543
-66820.690,214342.763,362.536
-66820.677,214342.762,362.529
-66820.686,214342.762,362.522
-66820.698,214342.763,362.516
-66820.705,214342.763,362.509
-66820.717,214342.763,362.501
-66820.723,214342.763,362.494
-66820.747,214342.764,362.487
-66820.735,214342.758,362.179
-66820.743,214342.758,362.173
-66820.729,214342.757,362.167
-66820.741,214342.758,362.160
-66820.730,214342.757,362.154
-66820.729,214342.757,362.147
-66820.724,214342.757,362.140
-66820.727,214342.757,362.132
-66820.712,214342.756,362.126
-66820.720,214342.756,362.119
-66820.727,214342.756,362.113
-66820.718,214342.756,362.106
-66820.719,214342.756,362.099
-66820.707,214342.755,362.093
-66820.707,214342.755,362.086
-66820.713,214342.755,362.079
-66820.660,214342.753,362.053
-66820.638,214342.752,362.046
-66820.626,214342.752,362.040
-66820.733,214342.764,362.705
-66820.730,214342.764,362.699
-66820.728,214342.763,362.693
-66820.701,214342.762,362.686
-66820.706,214342.762,362.679
-66820.689,214342.762,362.673
-66820.685,214342.762,362.666
-66820.683,214342.761,362.659
-66820.687,214342.761,362.653
-66820.682,214342.761,362.647
-66820.682,214342.761,362.641
-66820.670,214342.760,362.634
-66820.684,214342.761,362.628
-66820.664,214342.760,362.620
-66820.663,214342.760,362.614
-66820.668,214342.760,362.608
-66820.671,214342.760,362.602
-66820.671,214342.760,362.596
-66820.672,214342.760,362.588
-66820.677,214342.760,362.582
-66820.662,214342.759,362.575
-66820.680,214342.760,362.569
-66820.672,214342.759,362.563
-66820.685,214342.760,362.557
-66820.669,214342.759,362.550
-66820.677,214342.759,362.543
-66820.688,214342.759,362.537
-66820.687,214342.759,362.531
-66820.708,214342.760,362.524
-66820.692,214342.759,362.518
-66820.716,214342.760,362.511
-66820.711,214342.759,362.505
-66820.741,214342.760,362.499
-66820.736,214342.760,362.492
-66820.766,214342.755,362.169
-66820.739,214342.754,362.163
-66820.739,214342.754,362.156
-66820.726,214342.754,362.149
-66820.732,214342.754,362.143
-66820.716,214342.753,362.136
-66820.731,214342.753,362.129
-66820.724,214342.753,362.123
-66820.709,214342.752,362.116
-66820.727,214342.753,362.109
-66820.714,214342.752,362.102
-66820.714,214342.752,362.096
-66820.715,214342.752,362.089
-66820.706,214342.752,362.082
-66820.788,214342.756,362.703
-66820.729,214342.755,362.696
-66820.727,214342.754,362.689
-66820.702,214342.753,362.682
-66820.708,214342.754,362.675
-66820.688,214342.753,362.668
-66820.703,214342.753,362.661
-66820.684,214342.752,362.653
-66820.700,214342.753,362.646
-66820.678,214342.752,362.640
-66820.684,214342.752,362.633
-66820.677,214342.752,362.626
-66820.685,214342.752,362.619
-66820.672,214342.751,362.612
-66820.673,214342.751,362.605
-66820.662,214342.751,362.598
-66820.687,214342.751,362.591
-66820.665,214342.751,362.584
-66820.687,214342.751,362.577
-66820.678,214342.751,362.570
-66820.679,214342.751,362.564
-66820.689,214342.751,362.557
-66820.692,214342.751,362.550
-66820.699,214342.751,362.542
-66820.694,214342.751,362.535
-66820.705,214342.751,362.529
-66820.707,214342.751,362.522
-66820.704,214342.751,362.516
-66820.736,214342.751,362.509
-66820.762,214342.752,362.502
-66820.740,214342.745,362.146
-66820.723,214342.744,362.140
-66820.728,214342.744,362.133
-66820.721,214342.744,362.126
-66820.703,214342.743,362.120
-66820.721,214342.744,362.112
-66820.715,214342.743,362.106
-66820.706,214342.743,362.099
-66820.715,214342.743,362.092
-66820.708,214342.743,362.085
-66820.716,214342.743,362.079
-66820.699,214342.742,362.073
-66820.691,214342.742,362.066
-66820.709,214342.742,362.058
-66820.701,214342.742,362.052
-66820.737,214342.749,362.692
-66820.727,214342.749,362.686
-66820.712,214342.748,362.679
-66820.710,214342.748,362.672
-66820.701,214342.748,362.665
-66820.694,214342.747,362.659
-66820.695,214342.747,362.653
-66820.699,214342.747,362.646
-66820.688,214342.747,362.640
-66820.686,214342.747,362.633
-66820.689,214342.746,362.627
-66820.699,214342.747,362.620
-66820.685,214342.746,362.614
-66820.683,214342.746,362.607
-66820.703,214342.746,362.601
-66820.684,214342.746,362.595
-66820.677,214342.745,362.588
-66820.683,214342.745,362.582
-66820.681,214342.745,362.574
-66820.686,214342.745,362.568
-66820.672,214342.745,362.562
-66820.687,214342.745,362.556
-66820.702,214342.745,362.550
-66820.698,214342.745,362.543
-66820.707,214342.745,362.536
-66820.707,214342.745,362.530
-66820.729,214342.746,362.524
-66820.721,214342.746,362.518
-66820.743,214342.746,362.511
-66820.739,214342.746,362.504
-66820.745,214342.739,362.135
-66820.716,214342.738,362.128
-66820.720,214342.738,362.121
-66820.718,214342.738,362.115
-66820.710,214342.738,362.109
-66820.709,214342.738,362.102
-66820.709,214342.738,362.095
-66820.709,214342.737,362.088
-66820.707,214342.737,362.081
-66820.751,214342.743,362.683
-66820.739,214342.742,362.676
-66820.716,214342.741,362.669
-66820.707,214342.741,362.662
-66820.710,214342.741,362.655
-66820.697,214342.740,362.647
-66820.711,214342.741,362.641
-66820.689,214342.740,362.634
-66820.686,214342.740,362.627
-66820.686,214342.740,362.620
-66820.703,214342.740,362.613
-66820.680,214342.739,362.607
-66820.708,214342.740,362.600
-66820.702,214342.740,362.592
-66820.702,214342.739,362.585
-66820.688,214342.739,362.578
-66820.695,214342.739,362.571
-66820.699,214342.739,362.565
-66820.695,214342.739,362.558
-66820.707,214342.739,362.552
-66820.715,214342.739,362.544
-66820.724,214342.739,362.537
-66820.717,214342.739,362.530
-66820.725,214342.739,362.523
-66820.739,214342.739,362.517
-66820.729,214342.732,362.120
-66820.719,214342.731,362.113
-66820.724,214342.732,362.107
-66820.718,214342.731,362.100
-66820.720,214342.731,362.093
-66820.704,214342.731,362.087
-66820.705,214342.730,362.080
-66820.709,214342.730,362.073
-66820.696,214342.730,362.067
-66820.709,214342.730,362.060
-66820.690,214342.730,362.053
-66820.697,214342.730,362.046
-66820.702,214342.730,362.039
-66820.756,214342.737,362.674
-66820.737,214342.736,362.667
-66820.721,214342.736,362.660
-66820.724,214342.736,362.654
-66820.711,214342.735,362.648
-66820.703,214342.735,362.641
-66820.711,214342.735,362.635
-66820.699,214342.735,362.628
-66820.704,214342.735,362.622
-66820.710,214342.735,362.616
-66820.687,214342.734,362.609
-66820.712,214342.735,362.603
-66820.694,214342.734,362.596
-66820.700,214342.734,362.590
-66820.703,214342.734,362.583
-66820.701,214342.734,362.577
-66820.698,214342.734,362.570
-66820.704,214342.734,362.564
-66820.720,214342.734,362.558
-66820.734,214342.734,362.551
-66820.733,214342.734,362.545
-66820.712,214342.733,362.538
-66820.741,214342.734,362.531
-66820.742,214342.734,362.525
-66820.715,214342.726,362.104
-66820.712,214342.725,362.097
-66820.711,214342.725,362.090
-66820.715,214342.725,362.083
-66820.766,214342.729,362.663
-66820.735,214342.728,362.656
-66820.724,214342.728,362.650
-66820.730,214342.728,362.643
-66820.723,214342.728,362.635
-66820.729,214342.728,362.628
-66820.721,214342.727,362.621
-66820.728,214342.727,362.615
-66820.701,214342.726,362.608
-66820.731,214342.727,362.601
-66820.719,214342.727,362.594
-66820.715,214342.727,362.586
-66820.712,214342.726,362.580
-66820.717,214342.726,362.573
-66820.727,214342.727,362.566
-66820.716,214342.726,362.559
-66820.740,214342.727,362.553
-66820.729,214342.726,362.546
-66820.751,214342.727,362.539
-66820.720,214342.718,362.088
-66820.716,214342.717,362.081
-66820.701,214342.717,362.075
-66820.708,214342.717,362.068
-66820.684,214342.716,362.062
-66820.703,214342.717,362.054
-66820.678,214342.716,362.048
-66820.705,214342.716,362.040
-66820.772,214342.724,362.650
-66820.738,214342.723,362.644
-66820.735,214342.722,362.637
-66820.718,214342.722,362.630
-66820.732,214342.722,362.624
-66820.725,214342.722,362.617
-66820.715,214342.721,362.611
-66820.732,214342.722,362.604
-66820.722,214342.721,362.598
-66820.728,214342.721,362.592
-66820.734,214342.721,362.585
-66820.719,214342.721,362.579
-66820.734,214342.721,362.571
-66820.738,214342.721,362.565
-66820.748,214342.721,362.559
-66820.736,214342.721,362.553
-66820.751,214342.715,362.621
-66820.757,214342.715,362.614
-66820.764,214342.715,362.607
-66820.752,214342.715,362.600
-66820.753,214342.714,362.593
-66820.755,214342.714,362.586
-66820.707,214342.703,362.054
-66820.697,214342.703,362.047
-66820.681,214342.702,362.040
